Temperature,Relative.Humidity,Heat_Index,Dew_Point,datetime,sensor_id
91.8,48.3,99.9,69.5,2026-06-13 12:40:00,3085265
91.4,46.1,97.5,67.7,2026-06-13 13:00:00,3085265
92.2,47.1,99.9,69.1,2026-06-13 13:20:00,3085265
92.8,45.2,99.9,68.4,2026-06-13 13:40:00,3085265
94.1,42.7,101.5,68.0,2026-06-13 14:00:00,3085265
94.0,40.9,100.2,66.7,2026-06-13 14:20:00,3085265
94.9,40.0,101.7,66.8,2026-06-13 14:40:00,3085265
95.4,38.5,101.7,66.1,2026-06-13 15:00:00,3085265
95.3,38.1,101.1,65.8,2026-06-13 15:20:00,3085265
96.1,37.7,102.4,66.1,2026-06-13 15:40:00,3085265
95.7,38.2,101.8,66.2,2026-06-13 16:00:00,3085265
94.7,39.4,100.9,66.2,2026-06-13 16:20:00,3085265
95.5,38.4,101.7,66.1,2026-06-13 16:40:00,3085265
96.4,38.1,103.3,66.7,2026-06-13 17:00:00,3085265
96.1,37.5,102.6,66.0,2026-06-13 17:20:00,3085265
96.4,37.8,103.1,66.5,2026-06-13 17:40:00,3085265
96.2,38.5,103.3,66.8,2026-06-13 18:00:00,3085265
95.5,39.4,102.4,66.9,2026-06-13 18:20:00,3085265
95.1,39.6,101.7,66.7,2026-06-13 18:40:00,3085265
94.4,40.1,100.6,66.3,2026-06-13 19:00:00,3085265
93.4,41.2,99.0,66.3,2026-06-13 19:20:00,3085265
92.2,43.8,98.1,67.0,2026-06-13 19:40:00,3085265
91.5,45.3,97.5,67.4,2026-06-13 20:00:00,3085265
90.7,46.3,96.6,67.3,2026-06-13 20:20:00,3085265
89.8,47.6,95.4,67.2,2026-06-13 20:40:00,3085265
89.2,48.5,94.3,67.3,2026-06-13 21:00:00,3085265
88.8,49.6,93.9,67.6,2026-06-13 21:20:00,3085265
84.6,59.2,89.6,68.8,2026-06-13 21:40:00,3085265
83.2,63.5,87.8,69.6,2026-06-13 22:00:00,3085265
82.1,66.6,86.4,69.9,2026-06-13 22:20:00,3085265
81.3,68.9,85.3,70.1,2026-06-13 22:40:00,3085265
80.9,69.7,85.1,70.1,2026-06-13 23:00:00,3085265
81.0,69.2,85.1,70.0,2026-06-13 23:20:00,3085265
81.4,66.2,85.1,69.0,2026-06-13 23:40:00,3085265
81.3,65.3,84.6,68.5,2026-06-14 00:00:00,3085265
81.0,65.8,84.4,68.5,2026-06-14 00:20:00,3085265
80.6,66.4,84.0,68.4,2026-06-14 00:40:00,3085265
80.1,68.0,83.3,68.5,2026-06-14 01:00:00,3085265
79.3,69.6,82.0,68.5,2026-06-14 01:20:00,3085265
78.2,72.7,80.8,68.7,2026-06-14 01:40:00,3085265
77.3,76.0,79.5,69.2,2026-06-14 02:00:00,3085265
77.1,77.5,79.3,69.5,2026-06-14 02:20:00,3085265
76.6,79.0,79.0,69.6,2026-06-14 02:40:00,3085265
76.5,80.3,78.8,69.9,2026-06-14 03:00:00,3085265
75.9,81.7,78.3,69.9,2026-06-14 03:20:00,3085265
75.5,83.0,77.7,70.0,2026-06-14 03:40:00,3085265
75.4,84.0,77.9,70.2,2026-06-14 04:00:00,3085265
75.1,84.6,77.5,70.2,2026-06-14 04:20:00,3085265
74.7,86.3,77.2,70.3,2026-06-14 04:40:00,3085265
74.4,87.1,76.8,70.4,2026-06-14 05:00:00,3085265
74.3,87.8,76.6,70.4,2026-06-14 05:20:00,3085265
74.0,88.6,76.5,70.4,2026-06-14 05:40:00,3085265
73.8,89.1,76.3,70.4,2026-06-14 06:00:00,3085265
73.9,89.4,76.3,70.6,2026-06-14 06:20:00,3085265
73.9,89.5,76.3,70.6,2026-06-14 06:40:00,3085265
74.4,89.1,77.0,70.9,2026-06-14 07:00:00,3085265
76.1,86.4,79.0,71.7,2026-06-14 07:20:00,3085265
78.1,80.5,82.0,71.6,2026-06-14 07:40:00,3085265
80.9,76.6,86.5,72.9,2026-06-14 08:00:00,3085265
82.0,72.5,87.6,72.3,2026-06-14 08:20:00,3085265
81.0,72.0,85.8,71.1,2026-06-14 08:40:00,3085265
82.8,71.6,89.4,72.7,2026-06-14 09:00:00,3085265
84.5,68.3,92.3,72.9,2026-06-14 09:20:00,3085265
83.9,68.3,91.0,72.3,2026-06-14 09:40:00,3085265
85.3,66.4,93.6,72.9,2026-06-14 10:00:00,3085265
85.6,66.4,93.9,73.1,2026-06-14 10:20:00,3085265
87.5,63.6,97.2,73.6,2026-06-14 10:40:00,3085265
88.4,58.8,97.2,72.2,2026-06-14 11:00:00,3085265
90.2,56.3,100.2,72.5,2026-06-14 11:20:00,3085265
91.5,53.8,102.0,72.4,2026-06-14 11:40:00,3085265
92.4,50.0,102.0,71.0,2026-06-14 12:00:00,3085265
93.4,48.5,103.3,71.1,2026-06-14 12:20:00,3085265
94.1,45.7,103.1,69.9,2026-06-14 12:40:00,3085265
93.0,46.8,101.1,69.6,2026-06-14 13:00:00,3085265
94.3,48.0,104.5,71.6,2026-06-14 13:20:00,3085265
94.8,49.0,107.1,72.7,2026-06-14 13:40:00,3085265
95.2,47.3,106.7,72.0,2026-06-14 14:00:00,3085265
95.2,47.6,106.9,72.1,2026-06-14 14:20:00,3085265
95.1,42.3,103.1,68.6,2026-06-14 14:40:00,3085265
96.8,38.5,104.7,67.4,2026-06-14 15:00:00,3085265
97.4,36.8,104.5,66.6,2026-06-14 15:20:00,3085265
97.8,36.2,104.9,66.5,2026-06-14 15:40:00,3085265
98.5,35.8,105.8,66.8,2026-06-14 16:00:00,3085265
98.1,34.9,104.7,65.7,2026-06-14 16:20:00,3085265
97.1,36.2,103.5,65.9,2026-06-14 16:40:00,3085265
96.4,37.4,102.9,66.2,2026-06-14 17:00:00,3085265
95.8,38.1,102.2,66.2,2026-06-14 17:20:00,3085265
95.8,38.5,102.6,66.5,2026-06-14 17:40:00,3085265
92.5,41.5,97.9,65.8,2026-06-14 18:00:00,3085265
89.7,48.0,95.2,67.4,2026-06-14 18:20:00,3085265
87.8,50.9,92.7,67.4,2026-06-14 18:40:00,3085265
86.9,53.8,91.9,68.1,2026-06-14 19:00:00,3085265
86.0,55.8,90.9,68.3,2026-06-14 19:20:00,3085265
85.4,58.8,90.9,69.3,2026-06-14 19:40:00,3085265
85.1,59.5,90.3,69.4,2026-06-14 20:00:00,3085265
84.8,60.6,90.1,69.7,2026-06-14 20:20:00,3085265
84.2,61.6,89.6,69.6,2026-06-14 20:40:00,3085265
83.4,64.9,88.7,70.4,2026-06-14 21:00:00,3085265
82.1,68.0,86.7,70.5,2026-06-14 21:20:00,3085265
82.2,67.7,87.1,70.5,2026-06-14 21:40:00,3085265
81.7,70.2,86.5,71.1,2026-06-14 22:00:00,3085265
81.2,73.4,86.4,71.9,2026-06-14 22:20:00,3085265
81.3,73.2,86.4,71.9,2026-06-14 22:40:00,3085265
81.3,72.8,86.4,71.7,2026-06-14 23:00:00,3085265
81.2,71.9,86.2,71.3,2026-06-14 23:20:00,3085265
81.4,71.1,86.4,71.2,2026-06-14 23:40:00,3085265
81.2,71.3,86.0,71.0,2026-06-15 00:00:00,3085265
81.1,71.7,85.8,71.1,2026-06-15 00:20:00,3085265
80.9,72.1,85.5,71.1,2026-06-15 00:40:00,3085265
80.7,72.3,85.3,71.0,2026-06-15 01:00:00,3085265
80.6,72.3,84.9,70.8,2026-06-15 01:20:00,3085265
80.7,71.9,85.1,70.8,2026-06-15 01:40:00,3085265
80.7,71.9,85.1,70.8,2026-06-15 02:00:00,3085265
80.6,72.3,84.9,70.8,2026-06-15 02:20:00,3085265
80.3,73.0,84.7,70.9,2026-06-15 02:40:00,3085265
80.3,73.4,84.7,71.0,2026-06-15 03:00:00,3085265
80.4,73.5,85.1,71.2,2026-06-15 03:20:00,3085265
80.2,73.9,84.6,71.1,2026-06-15 03:40:00,3085265
80.0,73.8,84.4,70.9,2026-06-15 04:00:00,3085265
79.6,74.5,83.7,70.8,2026-06-15 04:20:00,3085265
79.1,75.0,82.9,70.5,2026-06-15 04:40:00,3085265
78.6,74.6,82.0,69.9,2026-06-15 05:00:00,3085265
78.2,75.5,81.1,69.8,2026-06-15 05:20:00,3085265
78.1,71.1,80.6,68.0,2026-06-15 05:40:00,3085265
77.6,68.0,79.2,66.3,2026-06-15 06:00:00,3085265
77.3,67.4,78.3,65.7,2026-06-15 06:20:00,3085265
77.2,66.7,78.3,65.2,2026-06-15 06:40:00,3085265
77.2,65.7,77.7,64.8,2026-06-15 07:00:00,3085265
77.0,64.1,77.4,63.9,2026-06-15 07:20:00,3085265
76.8,62.9,76.8,63.2,2026-06-15 07:40:00,3085265
76.6,62.3,76.6,62.7,2026-06-15 08:00:00,3085265
80.5,53.9,81.1,62.3,2026-06-15 08:20:00,3085265
78.0,51.9,77.4,58.9,2026-06-15 08:40:00,3085265
79.7,43.4,78.1,55.5,2026-06-15 09:00:00,3085265
79.1,44.4,77.7,55.5,2026-06-15 09:20:00,3085265
78.9,46.9,77.9,56.9,2026-06-15 09:40:00,3085265
79.2,47.0,78.3,57.3,2026-06-15 10:00:00,3085265
79.6,47.0,78.8,57.7,2026-06-15 10:20:00,3085265
80.1,46.3,79.3,57.6,2026-06-15 10:40:00,3085265
80.9,44.3,79.9,57.2,2026-06-15 11:00:00,3085265
81.7,42.6,80.6,56.8,2026-06-15 11:20:00,3085265
81.1,42.9,79.7,56.4,2026-06-15 11:40:00,3085265
82.4,43.0,81.5,57.7,2026-06-15 12:00:00,3085265
82.9,39.9,81.5,56.0,2026-06-15 12:20:00,3085265
83.0,39.2,81.7,55.7,2026-06-15 12:40:00,3085265
83.0,40.1,81.9,56.3,2026-06-15 13:00:00,3085265
83.5,38.2,82.2,55.4,2026-06-15 13:20:00,3085265
84.9,36.5,83.7,55.3,2026-06-15 13:40:00,3085265
85.3,34.9,83.8,54.5,2026-06-15 14:00:00,3085265
85.6,32.9,83.7,53.1,2026-06-15 14:20:00,3085265
86.2,30.9,84.0,52.0,2026-06-15 14:40:00,3085265
87.7,30.4,85.6,52.8,2026-06-15 15:00:00,3085265
87.4,30.8,85.5,52.9,2026-06-15 15:20:00,3085265
87.5,29.7,85.3,52.0,2026-06-15 15:40:00,3085265
86.8,31.6,84.9,53.1,2026-06-15 16:00:00,3085265
87.6,31.3,86.0,53.5,2026-06-15 16:20:00,3085265
87.6,30.9,85.8,53.2,2026-06-15 16:40:00,3085265
87.7,31.9,86.2,54.1,2026-06-15 17:00:00,3085265
87.5,30.7,85.6,52.8,2026-06-15 17:20:00,3085265
87.7,29.1,85.3,51.6,2026-06-15 17:40:00,3085265
87.2,29.6,84.7,51.7,2026-06-15 18:00:00,3085265
87.0,30.3,84.7,52.1,2026-06-15 18:20:00,3085265
86.2,31.1,84.0,52.1,2026-06-15 18:40:00,3085265
85.4,31.0,82.9,51.4,2026-06-15 19:00:00,3085265
85.1,31.9,82.8,51.8,2026-06-15 19:20:00,3085265
84.4,32.4,82.2,51.7,2026-06-15 19:40:00,3085265
83.5,32.8,81.0,51.2,2026-06-15 20:00:00,3085265
82.5,34.1,80.1,51.4,2026-06-15 20:20:00,3085265
81.2,35.3,78.8,51.2,2026-06-15 20:40:00,3085265
80.0,36.6,77.5,51.1,2026-06-15 21:00:00,3085265
79.2,38.0,77.0,51.4,2026-06-15 21:20:00,3085265
78.3,39.2,76.1,51.4,2026-06-15 21:40:00,3085265
77.1,41.8,75.0,52.1,2026-06-15 22:00:00,3085265
76.0,44.0,74.1,52.5,2026-06-15 22:20:00,3085265
74.9,45.7,73.4,52.5,2026-06-15 22:40:00,3085265
74.1,47.4,72.7,52.8,2026-06-15 23:00:00,3085265
73.2,48.6,72.0,52.7,2026-06-15 23:20:00,3085265
72.8,49.4,71.6,52.7,2026-06-15 23:40:00,3085265
71.7,51.7,70.9,52.9,2026-06-16 00:00:00,3085265
71.3,52.2,70.5,52.9,2026-06-16 00:20:00,3085265
71.0,52.9,70.3,53.0,2026-06-16 00:40:00,3085265
70.3,54.3,69.4,53.1,2026-06-16 01:00:00,3085265
70.0,55.0,69.4,53.1,2026-06-16 01:20:00,3085265
69.8,54.7,68.7,52.8,2026-06-16 01:40:00,3085265
69.6,55.5,68.9,53.0,2026-06-16 02:00:00,3085265
69.2,56.2,68.2,53.0,2026-06-16 02:20:00,3085265
69.5,54.3,68.4,52.3,2026-06-16 02:40:00,3085265
69.9,53.0,68.9,52.0,2026-06-16 03:00:00,3085265
69.9,52.5,68.7,51.7,2026-06-16 03:20:00,3085265
69.7,52.6,68.7,51.7,2026-06-16 03:40:00,3085265
69.4,53.9,68.2,52.0,2026-06-16 04:00:00,3085265
69.1,54.1,68.0,51.8,2026-06-16 04:20:00,3085265
68.6,55.2,67.3,51.9,2026-06-16 04:40:00,3085265
67.8,57.0,66.2,52.0,2026-06-16 05:00:00,3085265
67.4,58.3,65.8,52.2,2026-06-16 05:20:00,3085265
67.7,57.8,66.2,52.3,2026-06-16 05:40:00,3085265
68.0,58.0,66.7,52.7,2026-06-16 06:00:00,3085265
68.1,58.8,66.7,53.1,2026-06-16 06:20:00,3085265
68.4,58.3,67.3,53.2,2026-06-16 06:40:00,3085265
68.7,58.4,67.6,53.5,2026-06-16 07:00:00,3085265
69.0,58.7,68.0,53.9,2026-06-16 07:20:00,3085265
69.1,59.0,68.4,54.2,2026-06-16 07:40:00,3085265
69.5,59.1,68.9,54.6,2026-06-16 08:00:00,3085265
69.8,59.0,69.1,54.8,2026-06-16 08:20:00,3085265
70.1,58.7,69.6,55.0,2026-06-16 08:40:00,3085265
70.3,58.2,69.8,55.0,2026-06-16 09:00:00,3085265
71.1,57.5,70.7,55.3,2026-06-16 09:20:00,3085265
71.9,56.4,71.4,55.5,2026-06-16 09:40:00,3085265
72.8,54.8,72.1,55.7,2026-06-16 10:00:00,3085265
75.3,51.0,74.1,55.9,2026-06-16 10:20:00,3085265
76.5,48.1,75.0,55.5,2026-06-16 10:40:00,3085265
78.3,46.6,77.0,56.2,2026-06-16 11:00:00,3085265
78.8,46.8,77.7,56.8,2026-06-16 11:20:00,3085265
78.9,46.2,77.7,56.5,2026-06-16 11:40:00,3085265
79.2,45.3,78.1,56.2,2026-06-16 12:00:00,3085265
80.3,44.5,79.2,56.7,2026-06-16 12:20:00,3085265
79.2,43.7,77.7,55.2,2026-06-16 12:40:00,3085265
79.2,44.7,77.9,55.9,2026-06-16 13:00:00,3085265
80.2,44.1,79.0,56.4,2026-06-16 13:20:00,3085265
81.2,43.7,80.1,57.0,2026-06-16 13:40:00,3085265
82.4,40.6,81.1,56.1,2026-06-16 14:00:00,3085265
83.0,40.1,81.9,56.3,2026-06-16 14:20:00,3085265
84.1,39.6,83.3,56.9,2026-06-16 14:40:00,3085265
84.0,38.8,82.8,56.3,2026-06-16 15:00:00,3085265
84.2,38.9,83.3,56.5,2026-06-16 15:20:00,3085265
84.5,39.9,83.8,57.5,2026-06-16 15:40:00,3085265
83.8,40.4,82.9,57.1,2026-06-16 16:00:00,3085265
84.7,40.1,84.2,57.8,2026-06-16 16:20:00,3085265
84.3,41.9,84.0,58.7,2026-06-16 16:40:00,3085265
83.9,42.7,83.7,58.9,2026-06-16 17:00:00,3085265
84.4,43.1,84.7,59.6,2026-06-16 17:20:00,3085265
83.9,43.3,83.8,59.2,2026-06-16 17:40:00,3085265
83.4,43.9,83.1,59.2,2026-06-16 18:00:00,3085265
83.3,43.5,82.8,58.7,2026-06-16 18:20:00,3085265
82.6,44.3,82.2,58.7,2026-06-16 18:40:00,3085265
82.0,46.6,81.5,59.5,2026-06-16 19:00:00,3085265
81.6,47.6,81.3,59.7,2026-06-16 19:20:00,3085265
81.2,48.0,81.0,59.7,2026-06-16 19:40:00,3085265
81.1,47.7,80.8,59.3,2026-06-16 20:00:00,3085265
80.8,48.4,80.4,59.5,2026-06-16 20:20:00,3085265
80.3,49.2,80.1,59.5,2026-06-16 20:40:00,3085265
79.5,50.3,79.3,59.5,2026-06-16 21:00:00,3085265
79.0,51.6,78.6,59.7,2026-06-16 21:20:00,3085265
78.6,51.9,78.1,59.5,2026-06-16 21:40:00,3085265
78.2,52.7,77.7,59.6,2026-06-16 22:00:00,3085265
77.8,53.3,77.2,59.5,2026-06-16 22:20:00,3085265
77.2,54.1,76.6,59.4,2026-06-16 22:40:00,3085265
76.6,55.5,75.9,59.5,2026-06-16 23:00:00,3085265
76.1,56.7,75.6,59.6,2026-06-16 23:20:00,3085265
75.8,57.5,75.4,59.7,2026-06-16 23:40:00,3085265
75.4,58.3,75.0,59.8,2026-06-17 00:00:00,3085265
75.1,59.4,74.8,59.9,2026-06-17 00:20:00,3085265
74.6,60.6,74.5,60.1,2026-06-17 00:40:00,3085265
74.1,62.4,74.1,60.4,2026-06-17 01:00:00,3085265
73.7,64.1,73.9,60.8,2026-06-17 01:20:00,3085265
73.3,65.5,73.6,61.0,2026-06-17 01:40:00,3085265
72.7,67.0,73.2,61.1,2026-06-17 02:00:00,3085265
72.2,68.5,72.7,61.3,2026-06-17 02:20:00,3085265
72.0,69.8,72.7,61.6,2026-06-17 02:40:00,3085265
71.6,71.1,72.3,61.8,2026-06-17 03:00:00,3085265
71.3,72.5,72.1,62.0,2026-06-17 03:20:00,3085265
70.9,74.2,71.8,62.2,2026-06-17 03:40:00,3085265
70.7,75.7,71.4,62.6,2026-06-17 04:00:00,3085265
70.4,77.2,71.2,63.0,2026-06-17 04:20:00,3085265
70.2,78.0,71.1,63.1,2026-06-17 04:40:00,3085265
70.2,79.0,71.2,63.4,2026-06-17 05:00:00,3085265
70.0,79.9,70.9,63.5,2026-06-17 05:20:00,3085265
69.8,80.6,70.5,63.6,2026-06-17 05:40:00,3085265
69.5,81.4,70.3,63.6,2026-06-17 06:00:00,3085265
69.3,82.3,70.2,63.7,2026-06-17 06:20:00,3085265
69.3,83.0,70.3,63.9,2026-06-17 06:40:00,3085265
69.7,82.6,70.7,64.2,2026-06-17 07:00:00,3085265
71.4,80.6,72.5,65.1,2026-06-17 07:20:00,3085265
74.5,75.1,75.9,66.1,2026-06-17 07:40:00,3085265
76.5,71.4,77.7,66.6,2026-06-17 08:00:00,3085265
77.5,69.1,79.0,66.5,2026-06-17 08:20:00,3085265
78.9,65.9,80.8,66.6,2026-06-17 08:40:00,3085265
78.5,62.4,79.7,64.6,2026-06-17 09:00:00,3085265
80.0,61.7,81.9,65.7,2026-06-17 09:20:00,3085265
81.4,57.7,83.1,65.1,2026-06-17 09:40:00,3085265
80.5,56.7,81.5,63.7,2026-06-17 10:00:00,3085265
82.1,52.9,83.1,63.2,2026-06-17 10:20:00,3085265
81.8,50.7,82.2,61.7,2026-06-17 10:40:00,3085265
82.7,46.8,82.8,60.3,2026-06-17 11:00:00,3085265
84.5,41.0,84.0,58.2,2026-06-17 11:20:00,3085265
85.1,37.8,84.4,56.5,2026-06-17 11:40:00,3085265
86.1,35.5,85.1,55.6,2026-06-17 12:00:00,3085265
86.2,38.9,86.2,58.3,2026-06-17 12:20:00,3085265
86.9,37.0,86.5,57.5,2026-06-17 12:40:00,3085265
87.1,36.5,86.9,57.3,2026-06-17 13:00:00,3085265
87.9,36.3,87.6,57.8,2026-06-17 13:20:00,3085265
89.5,31.7,88.7,55.5,2026-06-17 13:40:00,3085265
89.8,30.6,88.9,54.8,2026-06-17 14:00:00,3085265
90.5,30.7,89.6,55.5,2026-06-17 14:20:00,3085265
91.5,29.9,90.9,55.6,2026-06-17 14:40:00,3085265
91.6,29.1,90.9,55.0,2026-06-17 15:00:00,3085265
91.1,28.0,89.8,53.5,2026-06-17 15:20:00,3085265
90.8,30.5,90.1,55.5,2026-06-17 15:40:00,3085265
90.9,32.6,91.2,57.5,2026-06-17 16:00:00,3085265
92.1,29.2,91.4,55.5,2026-06-17 16:20:00,3085265
92.1,29.3,91.4,55.5,2026-06-17 16:40:00,3085265
91.2,31.8,91.4,57.1,2026-06-17 17:00:00,3085265
92.6,29.1,92.1,55.8,2026-06-17 17:20:00,3085265
92.1,29.6,91.6,55.8,2026-06-17 17:40:00,3085265
92.6,29.8,92.3,56.5,2026-06-17 18:00:00,3085265
91.7,30.6,91.4,56.4,2026-06-17 18:20:00,3085265
91.6,30.2,91.2,56.0,2026-06-17 18:40:00,3085265
90.9,31.4,90.7,56.4,2026-06-17 19:00:00,3085265
90.4,31.7,90.0,56.3,2026-06-17 19:20:00,3085265
89.8,33.1,89.8,57.0,2026-06-17 19:40:00,3085265
88.9,39.1,90.3,60.8,2026-06-17 20:00:00,3085265
88.1,41.1,89.6,61.5,2026-06-17 20:20:00,3085265
87.3,42.9,88.9,62.0,2026-06-17 20:40:00,3085265
86.6,44.2,88.2,62.3,2026-06-17 21:00:00,3085265
85.8,46.5,87.8,63.0,2026-06-17 21:20:00,3085265
85.2,50.2,87.8,64.6,2026-06-17 21:40:00,3085265
84.7,53.0,87.6,65.6,2026-06-17 22:00:00,3085265
84.1,55.2,87.3,66.3,2026-06-17 22:20:00,3085265
83.8,57.8,87.3,67.3,2026-06-17 22:40:00,3085265
83.3,59.5,87.1,67.7,2026-06-17 23:00:00,3085265
82.8,61.3,86.4,68.1,2026-06-17 23:20:00,3085265
82.3,62.6,85.6,68.3,2026-06-17 23:40:00,3085265
81.8,63.2,84.9,68.1,2026-06-18 00:00:00,3085265
81.4,63.1,84.4,67.7,2026-06-18 00:20:00,3085265
81.2,62.1,83.8,67.0,2026-06-18 00:40:00,3085265
81.1,61.6,83.5,66.7,2026-06-18 01:00:00,3085265
80.8,61.7,83.1,66.4,2026-06-18 01:20:00,3085265
80.5,61.9,82.6,66.2,2026-06-18 01:40:00,3085265
79.9,62.9,82.0,66.1,2026-06-18 02:00:00,3085265
79.5,63.9,81.3,66.2,2026-06-18 02:20:00,3085265
79.1,65.0,81.0,66.3,2026-06-18 02:40:00,3085265
78.7,65.9,80.4,66.4,2026-06-18 03:00:00,3085265
78.5,67.0,80.4,66.6,2026-06-18 03:20:00,3085265
78.3,68.7,80.4,67.2,2026-06-18 03:40:00,3085265
78.4,71.5,80.8,68.4,2026-06-18 04:00:00,3085265
78.3,73.7,81.3,69.2,2026-06-18 04:20:00,3085265
78.1,75.9,81.3,69.9,2026-06-18 04:40:00,3085265
77.7,77.6,80.4,70.1,2026-06-18 05:00:00,3085265
77.4,78.7,80.4,70.2,2026-06-18 05:20:00,3085265
77.2,79.6,79.9,70.4,2026-06-18 05:40:00,3085265
76.9,80.7,79.7,70.5,2026-06-18 06:00:00,3085265
76.8,81.3,79.3,70.6,2026-06-18 06:20:00,3085265
76.9,81.6,79.7,70.8,2026-06-18 06:40:00,3085265
77.2,81.2,80.4,71.0,2026-06-18 07:00:00,3085265
77.9,79.7,81.7,71.1,2026-06-18 07:20:00,3085265
78.0,79.5,81.7,71.1,2026-06-18 07:40:00,3085265
78.9,78.0,83.1,71.4,2026-06-18 08:00:00,3085265
80.6,75.1,85.6,71.9,2026-06-18 08:20:00,3085265
82.5,70.5,88.2,71.9,2026-06-18 08:40:00,3085265
81.4,71.7,86.4,71.4,2026-06-18 09:00:00,3085265
82.5,70.1,88.0,71.7,2026-06-18 09:20:00,3085265
83.6,68.0,90.0,71.9,2026-06-18 09:40:00,3085265
83.5,68.4,90.1,72.0,2026-06-18 10:00:00,3085265
84.8,65.6,92.1,72.0,2026-06-18 10:20:00,3085265
85.1,64.6,92.1,71.8,2026-06-18 10:40:00,3085265
86.8,62.1,95.0,72.3,2026-06-18 11:00:00,3085265
88.4,58.4,97.0,72.0,2026-06-18 11:20:00,3085265
88.9,57.2,97.7,71.8,2026-06-18 11:40:00,3085265
90.7,55.1,101.1,72.4,2026-06-18 12:00:00,3085265
92.0,52.6,102.6,72.2,2026-06-18 12:20:00,3085265
92.6,50.5,102.6,71.5,2026-06-18 12:40:00,3085265
92.7,48.9,102.0,70.7,2026-06-18 13:00:00,3085265
93.4,48.2,102.9,70.9,2026-06-18 13:20:00,3085265
94.4,45.5,103.3,70.1,2026-06-18 13:40:00,3085265
94.6,45.4,103.8,70.2,2026-06-18 14:00:00,3085265
95.3,44.5,104.7,70.3,2026-06-18 14:20:00,3085265
96.3,43.8,106.7,70.6,2026-06-18 14:40:00,3085265
96.4,42.6,106.0,69.9,2026-06-18 15:00:00,3085265
96.4,42.3,105.8,69.7,2026-06-18 15:20:00,3085265
88.0,49.0,92.3,66.5,2026-06-18 15:40:00,3085265
81.7,62.8,84.7,67.7,2026-06-18 16:00:00,3085265
82.1,65.3,86.0,69.3,2026-06-18 16:20:00,3085265
82.4,64.1,86.5,69.1,2026-06-18 16:40:00,3085265
84.1,62.2,89.2,69.8,2026-06-18 17:00:00,3085265
85.3,61.6,91.4,70.6,2026-06-18 17:20:00,3085265
86.1,60.1,92.7,70.6,2026-06-18 17:40:00,3085265
87.2,58.7,94.5,70.9,2026-06-18 18:00:00,3085265
87.3,58.6,94.6,71.0,2026-06-18 18:20:00,3085265
87.8,56.9,95.2,70.6,2026-06-18 18:40:00,3085265
87.6,55.9,94.3,69.9,2026-06-18 19:00:00,3085265
87.4,57.2,94.1,70.4,2026-06-18 19:20:00,3085265
87.2,58.3,94.3,70.7,2026-06-18 19:40:00,3085265
86.5,61.7,94.1,71.8,2026-06-18 20:00:00,3085265
85.9,63.5,93.6,72.1,2026-06-18 20:20:00,3085265
85.3,65.7,93.2,72.5,2026-06-18 20:40:00,3085265
83.9,70.3,91.4,73.1,2026-06-18 21:00:00,3085265
83.2,75.8,91.6,74.8,2026-06-18 21:20:00,3085265
76.8,87.4,80.2,72.8,2026-06-18 21:40:00,3085265
75.1,93.2,78.4,73.0,2026-06-18 22:00:00,3085265
74.9,95.7,78.6,73.6,2026-06-18 22:20:00,3085265
74.6,95.8,78.1,73.3,2026-06-18 22:40:00,3085265
74.3,95.7,77.5,73.0,2026-06-18 23:00:00,3085265
74.2,96.5,77.5,73.1,2026-06-18 23:20:00,3085265
74.0,96.4,77.4,72.9,2026-06-18 23:40:00,3085265
74.0,97.3,77.4,73.2,2026-06-19 00:00:00,3085265
73.9,97.3,77.0,73.1,2026-06-19 00:20:00,3085265
73.9,97.6,77.2,73.1,2026-06-19 00:40:00,3085265
73.8,97.7,77.2,73.1,2026-06-19 01:00:00,3085265
73.9,98.0,77.2,73.3,2026-06-19 01:20:00,3085265
73.8,97.1,77.0,73.0,2026-06-19 01:40:00,3085265
73.8,95.3,77.0,72.3,2026-06-19 02:00:00,3085265
73.6,95.5,76.8,72.2,2026-06-19 02:20:00,3085265
73.4,95.7,76.5,72.1,2026-06-19 02:40:00,3085265
73.5,95.4,76.5,72.1,2026-06-19 03:00:00,3085265
73.3,96.1,76.3,72.1,2026-06-19 03:20:00,3085265
73.3,95.9,76.3,72.1,2026-06-19 03:40:00,3085265
73.3,96.0,76.3,72.1,2026-06-19 04:00:00,3085265
73.3,96.0,76.3,72.1,2026-06-19 04:20:00,3085265
72.9,95.8,75.7,71.6,2026-06-19 04:40:00,3085265
72.3,96.4,74.7,71.2,2026-06-19 05:00:00,3085265
72.0,97.2,74.5,71.2,2026-06-19 05:20:00,3085265
71.5,97.7,73.8,70.8,2026-06-19 05:40:00,3085265
71.1,98.0,73.2,70.5,2026-06-19 06:00:00,3085265
70.8,98.5,72.9,70.4,2026-06-19 06:20:00,3085265
70.8,99.3,72.9,70.6,2026-06-19 06:40:00,3085265
71.0,99.7,73.0,70.9,2026-06-19 07:00:00,3085265
70.9,99.9,73.0,70.8,2026-06-19 07:20:00,3085265
71.4,100.0,73.6,71.4,2026-06-19 07:40:00,3085265
71.3,99.2,73.6,71.1,2026-06-19 08:00:00,3085265
71.7,100.0,74.1,71.7,2026-06-19 08:20:00,3085265
71.8,100.0,74.5,71.8,2026-06-19 08:40:00,3085265
72.1,100.0,74.7,72.1,2026-06-19 09:00:00,3085265
72.6,100.0,75.6,72.6,2026-06-19 09:20:00,3085265
72.5,100.0,75.2,72.5,2026-06-19 09:40:00,3085265
73.0,99.6,76.1,72.9,2026-06-19 10:00:00,3085265
74.0,98.4,77.5,73.5,2026-06-19 10:20:00,3085265
74.9,96.9,78.6,74.0,2026-06-19 10:40:00,3085265
75.6,94.2,79.3,73.8,2026-06-19 11:00:00,3085265
76.5,89.4,80.1,73.1,2026-06-19 11:20:00,3085265
77.5,88.0,81.9,73.6,2026-06-19 11:40:00,3085265
78.5,84.9,83.7,73.6,2026-06-19 12:00:00,3085265
79.5,81.2,85.3,73.3,2026-06-19 12:20:00,3085265
80.0,77.8,85.1,72.4,2026-06-19 12:40:00,3085265
80.6,79.0,86.9,73.5,2026-06-19 13:00:00,3085265
83.0,73.1,90.3,73.5,2026-06-19 13:20:00,3085265
83.0,70.0,89.2,72.2,2026-06-19 13:40:00,3085265
84.2,65.0,90.7,71.2,2026-06-19 14:00:00,3085265
86.0,60.5,92.8,70.8,2026-06-19 14:20:00,3085265
85.6,57.5,90.7,68.9,2026-06-19 14:40:00,3085265
86.7,56.3,92.7,69.3,2026-06-19 15:00:00,3085265
85.1,59.9,90.7,69.6,2026-06-19 15:20:00,3085265
86.9,55.3,92.7,69.0,2026-06-19 15:40:00,3085265
86.4,55.8,91.8,68.7,2026-06-19 16:00:00,3085265
86.8,46.1,89.1,63.6,2026-06-19 16:20:00,3085265
86.6,47.6,89.4,64.4,2026-06-19 16:40:00,3085265
86.6,44.7,88.3,62.6,2026-06-19 17:00:00,3085265
85.9,44.0,87.1,61.4,2026-06-19 17:20:00,3085265
86.4,43.5,87.8,61.6,2026-06-19 17:40:00,3085265
86.6,41.5,87.4,60.4,2026-06-19 18:00:00,3085265
86.1,42.1,86.7,60.4,2026-06-19 18:20:00,3085265
85.9,42.6,86.7,60.5,2026-06-19 18:40:00,3085265
85.7,42.6,86.4,60.4,2026-06-19 19:00:00,3085265
85.6,44.0,86.5,61.2,2026-06-19 19:20:00,3085265
84.5,44.6,84.9,60.6,2026-06-19 19:40:00,3085265
84.0,46.0,84.7,61.0,2026-06-19 20:00:00,3085265
83.1,43.6,82.8,58.7,2026-06-19 20:20:00,3085265
82.0,44.1,81.1,58.0,2026-06-19 20:40:00,3085265
80.6,45.6,79.5,57.6,2026-06-19 21:00:00,3085265
79.7,45.2,78.6,56.6,2026-06-19 21:20:00,3085265
78.9,45.9,77.7,56.4,2026-06-19 21:40:00,3085265
77.6,47.6,76.3,56.2,2026-06-19 22:00:00,3085265
76.5,49.9,75.2,56.4,2026-06-19 22:20:00,3085265
74.9,53.8,74.1,57.1,2026-06-19 22:40:00,3085265
74.4,53.6,73.6,56.5,2026-06-19 23:00:00,3085265
73.9,54.4,73.0,56.4,2026-06-19 23:20:00,3085265
73.5,54.2,72.9,55.9,2026-06-19 23:40:00,3085265
72.6,55.0,72.1,55.6,2026-06-20 00:00:00,3085265
71.9,56.0,71.4,55.4,2026-06-20 00:20:00,3085265
71.0,56.6,70.5,54.8,2026-06-20 00:40:00,3085265
70.2,58.2,69.8,54.8,2026-06-20 01:00:00,3085265
69.9,57.7,69.3,54.3,2026-06-20 01:20:00,3085265
69.5,58.3,68.9,54.3,2026-06-20 01:40:00,3085265
69.0,60.2,68.2,54.7,2026-06-20 02:00:00,3085265
68.0,61.9,67.1,54.5,2026-06-20 02:20:00,3085265
67.3,65.2,66.2,55.2,2026-06-20 02:40:00,3085265
66.3,68.0,65.1,55.4,2026-06-20 03:00:00,3085265
66.3,68.1,65.1,55.5,2026-06-20 03:20:00,3085265
66.3,68.3,65.1,55.6,2026-06-20 03:40:00,3085265
65.5,71.5,64.4,56.1,2026-06-20 04:00:00,3085265
64.3,74.9,63.3,56.2,2026-06-20 04:20:00,3085265
63.4,78.5,62.8,56.6,2026-06-20 04:40:00,3085265
62.9,80.0,62.4,56.6,2026-06-20 05:00:00,3085265
62.4,82.5,62.2,57.0,2026-06-20 05:20:00,3085265
62.1,86.0,62.1,57.9,2026-06-20 05:40:00,3085265
61.8,88.1,61.9,58.2,2026-06-20 06:00:00,3085265
61.6,87.7,61.7,57.9,2026-06-20 06:20:00,3085265
62.0,86.3,62.1,57.8,2026-06-20 06:40:00,3085265
63.0,86.2,63.0,58.8,2026-06-20 07:00:00,3085265
64.9,85.0,65.1,60.3,2026-06-20 07:20:00,3085265
69.9,74.2,70.3,61.3,2026-06-20 07:40:00,3085265
74.0,64.5,74.3,61.2,2026-06-20 08:00:00,3085265
76.0,57.9,75.6,60.1,2026-06-20 08:20:00,3085265
78.4,54.4,78.3,60.6,2026-06-20 08:40:00,3085265
78.2,51.9,77.7,59.1,2026-06-20 09:00:00,3085265
78.7,51.5,78.3,59.3,2026-06-20 09:20:00,3085265
80.9,46.5,80.2,58.5,2026-06-20 09:40:00,3085265
82.2,41.7,80.8,56.6,2026-06-20 10:00:00,3085265
82.0,41.3,80.8,56.2,2026-06-20 10:20:00,3085265
83.2,39.4,82.0,56.0,2026-06-20 10:40:00,3085265
82.9,37.2,81.1,54.1,2026-06-20 11:00:00,3085265
83.4,35.7,81.5,53.4,2026-06-20 11:20:00,3085265
84.4,33.3,82.2,52.4,2026-06-20 11:40:00,3085265
85.1,33.2,83.3,53.0,2026-06-20 12:00:00,3085265
85.1,30.6,82.4,50.7,2026-06-20 12:20:00,3085265
85.9,31.0,83.7,51.7,2026-06-20 12:40:00,3085265
85.5,30.9,83.1,51.3,2026-06-20 13:00:00,3085265
85.7,31.5,83.5,52.1,2026-06-20 13:20:00,3085265
85.3,30.5,82.8,50.8,2026-06-20 13:40:00,3085265
86.9,30.5,84.6,52.1,2026-06-20 14:00:00,3085265
87.0,30.5,84.7,52.3,2026-06-20 14:20:00,3085265
87.6,31.2,86.0,53.5,2026-06-20 14:40:00,3085265
88.6,29.2,86.7,52.5,2026-06-20 15:00:00,3085265
89.3,28.7,87.4,52.7,2026-06-20 15:20:00,3085265
88.7,28.0,86.5,51.5,2026-06-20 15:40:00,3085265
88.5,28.9,86.2,52.1,2026-06-20 16:00:00,3085265
88.8,29.6,86.9,53.1,2026-06-20 16:20:00,3085265
88.8,29.6,86.9,53.0,2026-06-20 16:40:00,3085265
89.3,28.5,87.4,52.4,2026-06-20 17:00:00,3085265
88.6,27.8,86.4,51.1,2026-06-20 17:20:00,3085265
88.2,29.2,86.0,52.1,2026-06-20 17:40:00,3085265
88.7,29.4,86.7,52.7,2026-06-20 18:00:00,3085265
87.8,30.0,85.8,52.6,2026-06-20 18:20:00,3085265
87.5,31.9,86.0,53.9,2026-06-20 18:40:00,3085265
87.3,30.9,85.5,52.9,2026-06-20 19:00:00,3085265
86.9,33.2,85.5,54.5,2026-06-20 19:20:00,3085265
86.2,34.1,84.9,54.7,2026-06-20 19:40:00,3085265
85.6,34.5,84.0,54.4,2026-06-20 20:00:00,3085265
84.2,37.6,83.1,55.5,2026-06-20 20:20:00,3085265
82.7,40.3,81.3,56.2,2026-06-20 20:40:00,3085265
81.1,44.8,80.1,57.7,2026-06-20 21:00:00,3085265
80.2,45.4,79.2,57.2,2026-06-20 21:20:00,3085265
79.4,47.0,78.6,57.4,2026-06-20 21:40:00,3085265
78.9,47.9,77.9,57.5,2026-06-20 22:00:00,3085265
78.5,49.4,77.7,57.9,2026-06-20 22:20:00,3085265
77.8,50.0,77.0,57.7,2026-06-20 22:40:00,3085265
77.5,51.1,76.5,58.0,2026-06-20 23:00:00,3085265
76.9,51.7,75.7,57.8,2026-06-20 23:20:00,3085265
76.4,52.3,75.4,57.6,2026-06-20 23:40:00,3085265
75.8,53.5,75.0,57.7,2026-06-21 00:00:00,3085265
75.5,53.2,74.5,57.3,2026-06-21 00:20:00,3085265
75.5,54.2,74.7,57.8,2026-06-21 00:40:00,3085265
75.2,55.6,74.7,58.2,2026-06-21 01:00:00,3085265
74.7,56.5,74.1,58.2,2026-06-21 01:20:00,3085265
73.9,58.5,73.6,58.4,2026-06-21 01:40:00,3085265
73.4,62.0,73.6,59.6,2026-06-21 02:00:00,3085265
72.8,63.8,73.0,59.8,2026-06-21 02:20:00,3085265
72.2,65.7,72.5,60.1,2026-06-21 02:40:00,3085265
71.7,67.4,72.1,60.3,2026-06-21 03:00:00,3085265
70.8,69.3,71.4,60.3,2026-06-21 03:20:00,3085265
70.2,72.1,70.7,60.8,2026-06-21 03:40:00,3085265
69.7,73.7,70.2,60.9,2026-06-21 04:00:00,3085265
69.0,75.1,69.3,60.8,2026-06-21 04:20:00,3085265
68.5,77.0,68.7,61.0,2026-06-21 04:40:00,3085265
68.0,79.1,68.4,61.3,2026-06-21 05:00:00,3085265
67.7,81.1,68.0,61.7,2026-06-21 05:20:00,3085265
67.4,81.8,67.6,61.7,2026-06-21 05:40:00,3085265
67.2,81.0,67.5,61.2,2026-06-21 06:00:00,3085265
67.1,83.8,67.6,62.1,2026-06-21 06:20:00,3085265
67.5,83.7,68.0,62.4,2026-06-21 06:40:00,3085265
68.2,82.1,68.7,62.5,2026-06-21 07:00:00,3085265
70.1,79.2,70.9,63.4,2026-06-21 07:20:00,3085265
73.3,72.3,74.3,63.9,2026-06-21 07:40:00,3085265
77.4,67.4,78.6,65.7,2026-06-21 08:00:00,3085265
77.2,62.1,77.7,63.2,2026-06-21 08:20:00,3085265
79.6,60.8,81.1,64.8,2026-06-21 08:40:00,3085265
81.2,58.5,83.1,65.3,2026-06-21 09:00:00,3085265
82.3,56.4,84.2,65.3,2026-06-21 09:20:00,3085265
83.4,52.5,85.3,64.2,2026-06-21 09:40:00,3085265
86.2,49.9,89.4,65.3,2026-06-21 10:00:00,3085265
84.1,46.6,84.9,61.4,2026-06-21 10:20:00,3085265
85.6,45.4,86.9,62.1,2026-06-21 10:40:00,3085265
87.5,41.7,88.9,61.4,2026-06-21 11:00:00,3085265
87.4,40.3,88.2,60.4,2026-06-21 11:20:00,3085265
88.0,37.2,88.3,58.7,2026-06-21 11:40:00,3085265
88.7,39.1,90.1,60.7,2026-06-21 12:00:00,3085265
89.2,38.1,90.3,60.3,2026-06-21 12:20:00,3085265
89.8,39.1,91.9,61.6,2026-06-21 12:40:00,3085265
89.5,37.4,90.7,60.1,2026-06-21 13:00:00,3085265
90.3,37.0,91.8,60.4,2026-06-21 13:20:00,3085265
90.2,37.2,91.8,60.6,2026-06-21 13:40:00,3085265
91.3,34.9,92.7,59.7,2026-06-21 14:00:00,3085265
92.9,33.6,94.8,60.1,2026-06-21 14:20:00,3085265
92.2,32.3,93.0,58.4,2026-06-21 14:40:00,3085265
92.8,32.0,93.7,58.6,2026-06-21 15:00:00,3085265
92.6,32.7,93.7,59.0,2026-06-21 15:20:00,3085265
91.5,35.5,93.2,60.4,2026-06-21 15:40:00,3085265
92.9,35.2,95.4,61.4,2026-06-21 16:00:00,3085265
93.0,34.7,95.4,61.1,2026-06-21 16:20:00,3085265
92.3,34.6,94.3,60.4,2026-06-21 16:40:00,3085265
91.8,35.4,93.9,60.5,2026-06-21 17:00:00,3085265
92.8,34.6,94.8,60.8,2026-06-21 17:20:00,3085265
91.9,35.2,93.7,60.5,2026-06-21 17:40:00,3085265
91.5,35.5,93.2,60.4,2026-06-21 18:00:00,3085265
91.0,36.8,93.0,61.0,2026-06-21 18:20:00,3085265
90.5,37.6,92.3,61.1,2026-06-21 18:40:00,3085265
90.2,39.3,92.8,62.1,2026-06-21 19:00:00,3085265
90.3,39.5,92.8,62.3,2026-06-21 19:20:00,3085265
89.5,40.5,91.9,62.3,2026-06-21 19:40:00,3085265
88.8,41.7,91.0,62.5,2026-06-21 20:00:00,3085265
88.2,43.1,90.3,62.9,2026-06-21 20:20:00,3085265
87.9,44.4,90.1,63.5,2026-06-21 20:40:00,3085265
87.7,44.6,90.0,63.4,2026-06-21 21:00:00,3085265
87.3,44.2,89.2,62.9,2026-06-21 21:20:00,3085265
86.6,45.0,88.5,62.7,2026-06-21 21:40:00,3085265
85.7,46.5,87.4,62.8,2026-06-21 22:00:00,3085265
84.9,47.5,86.4,62.7,2026-06-21 22:20:00,3085265
84.2,48.4,85.8,62.7,2026-06-21 22:40:00,3085265
83.4,49.9,84.6,62.8,2026-06-21 23:00:00,3085265
82.6,51.0,83.7,62.7,2026-06-21 23:20:00,3085265
82.1,52.3,82.9,62.9,2026-06-21 23:40:00,3085265
81.6,53.5,82.6,63.0,2026-06-22 00:00:00,3085265
80.8,57.2,82.2,64.3,2026-06-22 00:20:00,3085265
80.5,62.0,82.6,66.3,2026-06-22 00:40:00,3085265
80.1,63.8,82.4,66.8,2026-06-22 01:00:00,3085265
79.2,65.0,81.3,66.4,2026-06-22 01:20:00,3085265
78.5,68.1,80.6,67.1,2026-06-22 01:40:00,3085265
78.0,70.0,80.1,67.5,2026-06-22 02:00:00,3085265
77.8,72.0,79.9,68.0,2026-06-22 02:20:00,3085265
77.3,73.2,79.2,68.0,2026-06-22 02:40:00,3085265
76.8,75.0,78.4,68.3,2026-06-22 03:00:00,3085265
76.2,76.7,77.9,68.3,2026-06-22 03:20:00,3085265
75.4,78.8,77.2,68.4,2026-06-22 03:40:00,3085265
75.3,81.0,77.4,69.0,2026-06-22 04:00:00,3085265
74.8,82.7,76.8,69.1,2026-06-22 04:20:00,3085265
74.4,84.5,76.6,69.4,2026-06-22 04:40:00,3085265
74.2,85.3,76.5,69.5,2026-06-22 05:00:00,3085265
74.0,86.9,76.5,69.8,2026-06-22 05:20:00,3085265
73.5,88.2,75.7,69.8,2026-06-22 05:40:00,3085265
73.3,89.3,75.6,70.0,2026-06-22 06:00:00,3085265
73.4,89.7,75.6,70.2,2026-06-22 06:20:00,3085265
73.5,90.1,76.1,70.4,2026-06-22 06:40:00,3085265
73.9,90.1,76.5,70.8,2026-06-22 07:00:00,3085265
75.4,88.8,78.4,71.8,2026-06-22 07:20:00,3085265
78.2,83.5,82.8,72.8,2026-06-22 07:40:00,3085265
80.9,78.8,87.3,73.7,2026-06-22 08:00:00,3085265
82.6,76.0,89.6,74.2,2026-06-22 08:20:00,3085265
84.2,72.2,93.0,74.3,2026-06-22 08:40:00,3085265
85.0,70.8,94.3,74.5,2026-06-22 09:00:00,3085265
84.8,69.6,93.6,73.7,2026-06-22 09:20:00,3085265
85.7,68.2,95.0,74.0,2026-06-22 09:40:00,3085265
87.0,66.7,97.3,74.6,2026-06-22 10:00:00,3085265
86.2,65.9,95.4,73.5,2026-06-22 10:20:00,3085265
87.0,65.1,96.6,73.8,2026-06-22 10:40:00,3085265
87.5,63.5,97.2,73.5,2026-06-22 11:00:00,3085265
88.7,60.5,98.8,73.3,2026-06-22 11:20:00,3085265
89.2,57.5,98.2,72.2,2026-06-22 11:40:00,3085265
90.0,56.3,99.9,72.3,2026-06-22 12:00:00,3085265
89.9,55.9,99.3,72.0,2026-06-22 12:20:00,3085265
91.0,53.8,100.9,72.0,2026-06-22 12:40:00,3085265
94.6,48.5,105.8,72.2,2026-06-13 12:40:00,2953663
95.8,47.1,107.8,72.4,2026-06-13 13:00:00,2953663
95.5,47.2,107.1,72.1,2026-06-13 13:20:00,2953663
96.3,44.3,107.2,71.0,2026-06-13 13:40:00,2953663
98.5,42.5,110.7,71.8,2026-06-13 14:00:00,2953663
96.7,42.1,106.5,69.9,2026-06-13 14:20:00,2953663
98.9,41.1,110.3,71.1,2026-06-13 14:40:00,2953663
99.8,42.1,113.0,72.6,2026-06-13 15:00:00,2953663
99.6,38.5,110.1,69.8,2026-06-13 15:20:00,2953663
101.4,37.6,113.4,70.7,2026-06-13 15:40:00,2953663
101.0,35.8,111.0,69.0,2026-06-13 16:00:00,2953663
103.2,37.4,117.1,72.2,2026-06-13 16:20:00,2953663
102.3,35.5,113.4,69.9,2026-06-13 16:40:00,2953663
103.2,35.7,115.7,70.8,2026-06-13 17:00:00,2953663
100.7,36.5,110.8,69.2,2026-06-13 17:20:00,2953663
97.4,39.6,106.3,68.8,2026-06-13 17:40:00,2953663
96.2,40.4,104.4,68.2,2026-06-13 18:00:00,2953663
95.5,41.1,103.1,68.1,2026-06-13 18:20:00,2953663
94.7,41.8,102.0,67.9,2026-06-13 18:40:00,2953663
93.7,43.7,100.9,68.3,2026-06-13 19:00:00,2953663
92.8,44.2,99.3,67.8,2026-06-13 19:20:00,2953663
91.6,47.2,98.8,68.7,2026-06-13 19:40:00,2953663
91.3,47.1,98.1,68.4,2026-06-13 20:00:00,2953663
90.6,48.2,97.0,68.3,2026-06-13 20:20:00,2953663
89.4,50.0,95.4,68.3,2026-06-13 20:40:00,2953663
88.4,51.2,93.9,68.1,2026-06-13 21:00:00,2953663
87.8,53.5,93.7,68.8,2026-06-13 21:20:00,2953663
84.5,60.3,89.4,69.2,2026-06-13 21:40:00,2953663
83.3,63.4,87.6,69.5,2026-06-13 22:00:00,2953663
82.0,66.1,85.8,69.6,2026-06-13 22:20:00,2953663
80.9,68.8,84.7,69.6,2026-06-13 22:40:00,2953663
80.7,70.4,84.7,70.2,2026-06-13 23:00:00,2953663
80.9,68.6,84.7,69.6,2026-06-13 23:20:00,2953663
81.0,66.8,84.6,68.9,2026-06-13 23:40:00,2953663
80.7,66.4,84.0,68.5,2026-06-14 00:00:00,2953663
80.5,66.6,83.7,68.4,2026-06-14 00:20:00,2953663
80.4,68.0,83.7,68.9,2026-06-14 00:40:00,2953663
79.2,70.7,82.4,68.9,2026-06-14 01:00:00,2953663
78.0,72.4,80.4,68.5,2026-06-14 01:20:00,2953663
77.3,75.4,79.5,69.0,2026-06-14 01:40:00,2953663
76.5,78.3,78.6,69.2,2026-06-14 02:00:00,2953663
76.0,80.4,78.1,69.5,2026-06-14 02:20:00,2953663
75.9,81.5,78.3,69.9,2026-06-14 02:40:00,2953663
75.3,82.4,77.5,69.5,2026-06-14 03:00:00,2953663
74.9,83.9,77.2,69.6,2026-06-14 03:20:00,2953663
74.3,85.1,76.6,69.5,2026-06-14 03:40:00,2953663
73.8,85.8,75.9,69.2,2026-06-14 04:00:00,2953663
73.6,86.8,75.9,69.4,2026-06-14 04:20:00,2953663
73.5,87.3,75.7,69.5,2026-06-14 04:40:00,2953663
73.4,87.9,75.7,69.6,2026-06-14 05:00:00,2953663
73.1,88.7,75.4,69.5,2026-06-14 05:20:00,2953663
72.9,89.0,75.2,69.5,2026-06-14 05:40:00,2953663
72.9,89.2,75.2,69.5,2026-06-14 06:00:00,2953663
72.8,89.8,74.8,69.6,2026-06-14 06:20:00,2953663
72.9,89.9,75.2,69.7,2026-06-14 06:40:00,2953663
73.5,89.9,75.9,70.3,2026-06-14 07:00:00,2953663
74.7,88.5,77.4,71.1,2026-06-14 07:20:00,2953663
76.6,85.4,79.5,71.9,2026-06-14 07:40:00,2953663
78.2,82.6,82.4,72.4,2026-06-14 08:00:00,2953663
80.0,80.2,85.6,73.3,2026-06-14 08:20:00,2953663
81.2,76.5,87.3,73.1,2026-06-14 08:40:00,2953663
83.0,74.3,90.5,74.0,2026-06-14 09:00:00,2953663
84.4,71.9,93.4,74.4,2026-06-14 09:20:00,2953663
84.8,70.2,93.7,74.0,2026-06-14 09:40:00,2953663
86.9,66.4,97.3,74.4,2026-06-14 10:00:00,2953663
89.6,62.0,101.8,74.9,2026-06-14 10:20:00,2953663
90.4,59.5,102.4,74.4,2026-06-14 10:40:00,2953663
92.4,57.6,106.3,75.3,2026-06-14 11:00:00,2953663
93.0,56.4,106.9,75.2,2026-06-14 11:20:00,2953663
93.9,51.1,105.8,73.0,2026-06-14 11:40:00,2953663
96.1,49.5,110.1,74.1,2026-06-14 12:00:00,2953663
96.9,47.7,110.8,73.7,2026-06-14 12:20:00,2953663
98.2,44.2,111.0,72.6,2026-06-14 12:40:00,2953663
95.2,48.1,107.2,72.5,2026-06-14 13:00:00,2953663
93.5,50.1,104.4,72.2,2026-06-14 13:20:00,2953663
96.4,48.1,109.8,73.5,2026-06-14 13:40:00,2953663
95.1,49.8,108.0,73.4,2026-06-14 14:00:00,2953663
97.7,46.9,112.5,74.0,2026-06-14 14:20:00,2953663
99.0,40.7,110.5,71.0,2026-06-14 14:40:00,2953663
99.3,38.8,109.9,69.9,2026-06-14 15:00:00,2953663
103.1,37.0,116.8,71.8,2026-06-14 15:20:00,2953663
104.4,35.6,118.0,71.7,2026-06-14 15:40:00,2953663
105.3,32.8,117.1,70.1,2026-06-14 16:00:00,2953663
104.3,33.0,115.2,69.4,2026-06-14 16:20:00,2953663
99.0,35.6,106.9,67.0,2026-06-14 16:40:00,2953663
97.3,39.8,106.2,68.8,2026-06-14 17:00:00,2953663
95.9,41.1,104.4,68.5,2026-06-14 17:20:00,2953663
95.6,40.2,103.1,67.6,2026-06-14 17:40:00,2953663
95.7,37.2,101.5,65.4,2026-06-14 18:00:00,2953663
91.7,46.2,98.2,68.1,2026-06-14 18:20:00,2953663
89.3,50.6,95.7,68.6,2026-06-14 18:40:00,2953663
87.5,53.6,93.0,68.6,2026-06-14 19:00:00,2953663
86.6,57.2,92.7,69.7,2026-06-14 19:20:00,2953663
85.6,59.4,91.4,69.8,2026-06-14 19:40:00,2953663
85.1,60.9,90.7,70.1,2026-06-14 20:00:00,2953663
83.9,63.2,89.2,70.0,2026-06-14 20:20:00,2953663
83.5,65.0,89.1,70.5,2026-06-14 20:40:00,2953663
82.9,66.6,87.8,70.6,2026-06-14 21:00:00,2953663
82.2,68.5,86.9,70.8,2026-06-14 21:20:00,2953663
81.9,68.7,86.5,70.6,2026-06-14 21:40:00,2953663
81.7,70.8,86.7,71.3,2026-06-14 22:00:00,2953663
81.4,72.6,86.5,71.8,2026-06-14 22:20:00,2953663
81.0,73.6,86.2,71.8,2026-06-14 22:40:00,2953663
80.5,74.0,85.3,71.5,2026-06-14 23:00:00,2953663
80.5,73.8,85.3,71.4,2026-06-14 23:20:00,2953663
80.4,73.7,84.9,71.2,2026-06-14 23:40:00,2953663
80.3,73.6,84.9,71.1,2026-06-15 00:00:00,2953663
80.2,74.1,84.6,71.2,2026-06-15 00:20:00,2953663
80.1,74.3,84.6,71.1,2026-06-15 00:40:00,2953663
80.1,74.3,84.6,71.2,2026-06-15 01:00:00,2953663
80.0,74.2,84.4,71.1,2026-06-15 01:20:00,2953663
80.0,74.1,84.4,71.0,2026-06-15 01:40:00,2953663
80.2,74.1,84.6,71.2,2026-06-15 02:00:00,2953663
80.2,74.0,84.6,71.1,2026-06-15 02:20:00,2953663
79.9,74.8,84.4,71.2,2026-06-15 02:40:00,2953663
79.8,75.2,84.2,71.2,2026-06-15 03:00:00,2953663
79.8,75.6,84.2,71.4,2026-06-15 03:20:00,2953663
79.6,75.7,84.0,71.3,2026-06-15 03:40:00,2953663
79.1,76.0,82.9,70.9,2026-06-15 04:00:00,2953663
78.4,77.3,81.9,70.7,2026-06-15 04:20:00,2953663
77.9,78.0,81.0,70.5,2026-06-15 04:40:00,2953663
77.2,78.6,80.1,70.1,2026-06-15 05:00:00,2953663
77.0,77.6,79.3,69.5,2026-06-15 05:20:00,2953663
77.0,75.0,79.2,68.5,2026-06-15 05:40:00,2953663
76.7,74.8,78.3,68.1,2026-06-15 06:00:00,2953663
76.8,72.6,78.1,67.3,2026-06-15 06:20:00,2953663
77.0,69.5,78.4,66.3,2026-06-15 06:40:00,2953663
77.2,67.8,78.3,65.7,2026-06-15 07:00:00,2953663
77.1,67.0,78.1,65.3,2026-06-15 07:20:00,2953663
76.9,65.0,77.5,64.2,2026-06-15 07:40:00,2953663
76.1,63.5,76.3,62.8,2026-06-15 08:00:00,2953663
77.6,60.6,78.1,62.9,2026-06-15 08:20:00,2953663
78.0,56.3,77.9,61.1,2026-06-15 08:40:00,2953663
77.9,51.1,77.0,58.4,2026-06-15 09:00:00,2953663
78.3,49.5,77.5,57.9,2026-06-15 09:20:00,2953663
78.1,46.7,77.0,56.0,2026-06-15 09:40:00,2953663
79.7,48.6,79.3,58.6,2026-06-15 10:00:00,2953663
80.2,47.2,79.5,58.2,2026-06-15 10:20:00,2953663
80.7,47.3,80.1,58.8,2026-06-15 10:40:00,2953663
82.1,45.4,81.5,58.9,2026-06-15 11:00:00,2953663
83.9,42.6,83.7,58.8,2026-06-15 11:20:00,2953663
84.3,43.2,84.4,59.5,2026-06-15 11:40:00,2953663
85.4,41.2,85.5,59.1,2026-06-15 12:00:00,2953663
86.0,39.5,86.2,58.6,2026-06-15 12:20:00,2953663
86.6,39.9,87.1,59.3,2026-06-15 12:40:00,2953663
87.8,38.2,88.3,59.2,2026-06-15 13:00:00,2953663
87.7,35.8,87.3,57.3,2026-06-15 13:20:00,2953663
90.5,34.0,91.2,58.4,2026-06-15 13:40:00,2953663
90.7,33.5,91.2,58.1,2026-06-15 14:00:00,2953663
90.5,32.4,90.3,57.0,2026-06-15 14:20:00,2953663
91.5,30.4,91.0,56.1,2026-06-15 14:40:00,2953663
91.9,30.3,91.6,56.3,2026-06-15 15:00:00,2953663
95.0,29.5,96.3,58.2,2026-06-15 15:20:00,2953663
96.8,28.9,98.4,59.2,2026-06-15 15:40:00,2953663
97.4,27.7,99.1,58.6,2026-06-15 16:00:00,2953663
98.1,27.9,100.2,59.4,2026-06-15 16:20:00,2953663
96.3,28.1,97.5,57.9,2026-06-15 16:40:00,2953663
95.7,28.6,97.0,58.0,2026-06-15 17:00:00,2953663
93.6,27.8,93.2,55.5,2026-06-15 17:20:00,2953663
89.6,30.1,88.2,54.1,2026-06-15 17:40:00,2953663
87.7,31.7,86.0,53.9,2026-06-15 18:00:00,2953663
86.5,33.0,84.9,54.0,2026-06-15 18:20:00,2953663
86.1,33.5,84.4,54.0,2026-06-15 18:40:00,2953663
85.1,34.0,83.5,53.6,2026-06-15 19:00:00,2953663
84.2,34.4,82.4,53.2,2026-06-15 19:20:00,2953663
83.5,35.6,81.7,53.5,2026-06-15 19:40:00,2953663
82.7,36.6,80.6,53.5,2026-06-15 20:00:00,2953663
81.4,38.2,79.5,53.5,2026-06-15 20:20:00,2953663
80.2,39.5,78.3,53.3,2026-06-15 20:40:00,2953663
78.4,41.7,76.5,53.2,2026-06-15 21:00:00,2953663
76.9,44.0,75.0,53.3,2026-06-15 21:20:00,2953663
75.7,46.3,73.9,53.6,2026-06-15 21:40:00,2953663
74.4,48.1,73.0,53.5,2026-06-15 22:00:00,2953663
73.3,49.3,72.1,53.2,2026-06-15 22:20:00,2953663
72.6,51.3,71.8,53.6,2026-06-15 22:40:00,2953663
72.0,53.4,71.4,54.1,2026-06-15 23:00:00,2953663
71.1,54.7,70.5,54.0,2026-06-15 23:20:00,2953663
70.4,55.2,70.0,53.6,2026-06-15 23:40:00,2953663
70.2,56.2,69.6,53.8,2026-06-16 00:00:00,2953663
69.7,58.2,69.1,54.4,2026-06-16 00:20:00,2953663
69.1,58.5,68.4,54.0,2026-06-16 00:40:00,2953663
69.0,59.9,68.0,54.5,2026-06-16 01:00:00,2953663
69.1,59.1,68.4,54.2,2026-06-16 01:20:00,2953663
69.1,59.2,68.4,54.3,2026-06-16 01:40:00,2953663
69.1,59.4,68.0,54.3,2026-06-16 02:00:00,2953663
69.1,58.6,68.4,54.0,2026-06-16 02:20:00,2953663
68.9,58.4,68.0,53.7,2026-06-16 02:40:00,2953663
68.8,59.5,67.8,54.1,2026-06-16 03:00:00,2953663
68.6,58.3,67.6,53.4,2026-06-16 03:20:00,2953663
68.3,58.2,67.1,53.0,2026-06-16 03:40:00,2953663
68.1,58.5,66.7,53.0,2026-06-16 04:00:00,2953663
67.8,58.9,66.4,52.9,2026-06-16 04:20:00,2953663
67.5,59.5,66.0,52.9,2026-06-16 04:40:00,2953663
67.0,60.9,65.5,53.1,2026-06-16 05:00:00,2953663
66.8,61.7,65.3,53.3,2026-06-16 05:20:00,2953663
66.7,63.0,65.1,53.7,2026-06-16 05:40:00,2953663
66.8,63.5,65.5,54.0,2026-06-16 06:00:00,2953663
66.9,62.9,65.3,53.8,2026-06-16 06:20:00,2953663
67.4,62.7,66.0,54.3,2026-06-16 06:40:00,2953663
68.0,62.5,67.1,54.8,2026-06-16 07:00:00,2953663
68.5,62.3,67.6,55.1,2026-06-16 07:20:00,2953663
69.0,62.4,68.4,55.6,2026-06-16 07:40:00,2953663
69.8,61.9,69.3,56.1,2026-06-16 08:00:00,2953663
70.4,60.1,70.3,55.9,2026-06-16 08:20:00,2953663
70.5,59.9,70.3,55.9,2026-06-16 08:40:00,2953663
71.4,58.8,71.1,56.3,2026-06-16 09:00:00,2953663
72.7,57.6,72.5,56.9,2026-06-16 09:20:00,2953663
73.6,56.0,73.2,56.9,2026-06-16 09:40:00,2953663
75.1,53.2,74.1,56.9,2026-06-16 10:00:00,2953663
75.5,52.9,74.5,57.1,2026-06-16 10:20:00,2953663
77.7,51.5,76.8,58.4,2026-06-16 10:40:00,2953663
79.4,48.8,78.8,58.4,2026-06-16 11:00:00,2953663
79.8,46.0,78.8,57.3,2026-06-16 11:20:00,2953663
79.7,47.3,78.8,57.8,2026-06-16 11:40:00,2953663
80.5,45.5,79.5,57.5,2026-06-16 12:00:00,2953663
81.0,45.1,80.2,57.7,2026-06-16 12:20:00,2953663
80.9,46.0,80.2,58.1,2026-06-16 12:40:00,2953663
81.2,46.4,80.6,58.7,2026-06-16 13:00:00,2953663
82.2,44.2,81.3,58.2,2026-06-16 13:20:00,2953663
84.3,41.4,84.0,58.3,2026-06-16 13:40:00,2953663
86.4,39.7,86.7,59.0,2026-06-16 14:00:00,2953663
87.6,39.3,88.3,59.8,2026-06-16 14:20:00,2953663
85.6,39.1,85.3,57.9,2026-06-16 14:40:00,2953663
87.0,40.6,87.8,60.2,2026-06-16 15:00:00,2953663
89.8,36.0,90.9,59.3,2026-06-16 15:20:00,2953663
89.8,37.6,91.2,60.5,2026-06-16 15:40:00,2953663
87.6,39.5,88.2,59.9,2026-06-16 16:00:00,2953663
86.0,41.0,86.5,59.6,2026-06-16 16:20:00,2953663
86.1,43.1,87.1,61.0,2026-06-16 16:40:00,2953663
85.7,44.1,86.9,61.4,2026-06-16 17:00:00,2953663
85.1,44.3,86.0,61.0,2026-06-16 17:20:00,2953663
84.3,44.4,84.6,60.3,2026-06-16 17:40:00,2953663
83.9,44.4,84.0,59.9,2026-06-16 18:00:00,2953663
82.8,46.0,82.8,60.0,2026-06-16 18:20:00,2953663
82.3,48.0,82.4,60.7,2026-06-16 18:40:00,2953663
81.9,49.6,82.2,61.2,2026-06-16 19:00:00,2953663
81.2,49.4,81.3,60.5,2026-06-16 19:20:00,2953663
80.7,50.6,80.8,60.7,2026-06-16 19:40:00,2953663
80.2,50.5,80.1,60.2,2026-06-16 20:00:00,2953663
79.7,51.4,79.7,60.2,2026-06-16 20:20:00,2953663
78.9,52.7,78.6,60.2,2026-06-16 20:40:00,2953663
78.1,54.0,77.9,60.1,2026-06-16 21:00:00,2953663
77.2,55.6,76.8,60.1,2026-06-16 21:20:00,2953663
76.3,56.8,75.9,59.9,2026-06-16 21:40:00,2953663
75.8,57.6,75.4,59.8,2026-06-16 22:00:00,2953663
75.4,58.4,75.0,59.8,2026-06-16 22:20:00,2953663
75.2,59.5,74.8,60.1,2026-06-16 22:40:00,2953663
74.8,59.9,74.5,59.9,2026-06-16 23:00:00,2953663
74.3,61.7,74.5,60.3,2026-06-16 23:20:00,2953663
74.3,61.1,74.1,60.0,2026-06-16 23:40:00,2953663
74.0,61.7,74.1,60.0,2026-06-17 00:00:00,2953663
74.1,62.5,74.1,60.5,2026-06-17 00:20:00,2953663
74.0,63.1,74.3,60.7,2026-06-17 00:40:00,2953663
73.6,64.5,73.9,60.9,2026-06-17 01:00:00,2953663
73.1,65.7,73.4,60.9,2026-06-17 01:20:00,2953663
72.5,67.3,73.0,61.1,2026-06-17 01:40:00,2953663
71.8,69.3,72.5,61.2,2026-06-17 02:00:00,2953663
71.3,71.0,72.0,61.4,2026-06-17 02:20:00,2953663
71.3,72.7,72.1,62.0,2026-06-17 02:40:00,2953663
71.5,73.2,72.3,62.5,2026-06-17 03:00:00,2953663
70.9,74.0,71.8,62.2,2026-06-17 03:20:00,2953663
70.7,75.8,71.8,62.7,2026-06-17 03:40:00,2953663
70.3,77.1,71.1,62.8,2026-06-17 04:00:00,2953663
70.0,78.4,70.7,63.0,2026-06-17 04:20:00,2953663
69.8,79.5,70.5,63.1,2026-06-17 04:40:00,2953663
69.5,80.4,70.3,63.2,2026-06-17 05:00:00,2953663
69.3,81.3,70.2,63.3,2026-06-17 05:20:00,2953663
69.2,82.3,69.8,63.6,2026-06-17 05:40:00,2953663
68.1,86.9,68.9,64.1,2026-06-17 06:00:00,2953663
67.2,87.2,67.8,63.3,2026-06-17 06:20:00,2953663
66.8,89.3,67.5,63.6,2026-06-17 06:40:00,2953663
67.2,90.5,68.2,64.4,2026-06-17 07:00:00,2953663
68.1,90.7,69.3,65.3,2026-06-17 07:20:00,2953663
69.8,87.8,70.9,66.0,2026-06-17 07:40:00,2953663
71.0,86.3,72.5,66.7,2026-06-17 08:00:00,2953663
72.5,82.9,74.3,67.0,2026-06-17 08:20:00,2953663
73.8,80.3,75.6,67.4,2026-06-17 08:40:00,2953663
76.5,74.8,78.1,67.9,2026-06-17 09:00:00,2953663
78.7,68.4,81.0,67.4,2026-06-17 09:20:00,2953663
80.7,64.2,83.5,67.5,2026-06-17 09:40:00,2953663
82.7,59.8,85.6,67.3,2026-06-17 10:00:00,2953663
82.8,55.1,84.9,65.1,2026-06-17 10:20:00,2953663
84.0,50.2,85.6,63.5,2026-06-17 10:40:00,2953663
84.7,47.4,86.0,62.4,2026-06-17 11:00:00,2953663
86.5,43.8,87.8,61.8,2026-06-17 11:20:00,2953663
87.0,42.3,88.3,61.3,2026-06-17 11:40:00,2953663
88.0,40.7,89.4,61.2,2026-06-17 12:00:00,2953663
89.9,38.9,91.9,61.6,2026-06-17 12:20:00,2953663
91.3,36.1,93.2,60.7,2026-06-17 12:40:00,2953663
92.8,34.7,95.0,60.9,2026-06-17 13:00:00,2953663
92.0,33.5,93.2,59.2,2026-06-17 13:20:00,2953663
94.1,31.9,95.9,59.7,2026-06-17 13:40:00,2953663
94.9,28.9,95.5,57.7,2026-06-17 14:00:00,2953663
95.6,30.5,97.5,59.6,2026-06-17 14:20:00,2953663
95.5,29.3,96.6,58.4,2026-06-17 14:40:00,2953663
95.7,31.9,98.2,61.1,2026-06-17 15:00:00,2953663
95.0,31.4,97.0,60.0,2026-06-17 15:20:00,2953663
97.6,31.4,101.3,62.2,2026-06-17 15:40:00,2953663
99.2,29.1,102.6,61.4,2026-06-17 16:00:00,2953663
97.4,28.7,99.5,59.5,2026-06-17 16:20:00,2953663
97.6,30.2,100.6,61.2,2026-06-17 16:40:00,2953663
100.5,28.9,104.5,62.3,2026-06-17 17:00:00,2953663
98.8,29.8,102.4,61.8,2026-06-17 17:20:00,2953663
94.0,30.6,94.8,58.4,2026-06-17 17:40:00,2953663
92.2,32.8,93.2,58.8,2026-06-17 18:00:00,2953663
91.5,34.0,92.5,59.2,2026-06-17 18:20:00,2953663
90.2,34.4,90.9,58.4,2026-06-17 18:40:00,2953663
89.6,34.5,89.6,57.9,2026-06-17 19:00:00,2953663
88.6,37.0,89.1,59.0,2026-06-17 19:20:00,2953663
87.7,41.1,89.1,61.1,2026-06-17 19:40:00,2953663
86.9,43.9,88.5,62.3,2026-06-17 20:00:00,2953663
86.0,45.9,87.8,62.7,2026-06-17 20:20:00,2953663
84.7,48.0,86.2,62.8,2026-06-17 20:40:00,2953663
83.9,49.1,85.3,62.8,2026-06-17 21:00:00,2953663
83.0,51.4,84.4,63.2,2026-06-17 21:20:00,2953663
82.2,54.9,83.5,64.4,2026-06-17 21:40:00,2953663
81.9,58.2,84.0,65.8,2026-06-17 22:00:00,2953663
81.8,60.1,84.2,66.7,2026-06-17 22:20:00,2953663
82.2,61.8,85.5,67.8,2026-06-17 22:40:00,2953663
81.8,63.3,84.9,68.1,2026-06-17 23:00:00,2953663
81.6,64.4,84.9,68.4,2026-06-17 23:20:00,2953663
81.0,65.8,84.4,68.5,2026-06-17 23:40:00,2953663
80.4,66.9,83.5,68.4,2026-06-18 00:00:00,2953663
79.8,67.2,82.6,68.0,2026-06-18 00:20:00,2953663
79.9,66.0,82.6,67.5,2026-06-18 00:40:00,2953663
79.8,65.6,82.2,67.2,2026-06-18 01:00:00,2953663
79.3,65.6,81.3,66.8,2026-06-18 01:20:00,2953663
79.2,65.5,81.3,66.6,2026-06-18 01:40:00,2953663
78.5,66.1,80.2,66.3,2026-06-18 02:00:00,2953663
77.6,67.9,79.2,66.2,2026-06-18 02:20:00,2953663
76.9,69.7,78.1,66.2,2026-06-18 02:40:00,2953663
76.5,71.1,77.7,66.4,2026-06-18 03:00:00,2953663
76.5,71.8,77.7,66.7,2026-06-18 03:20:00,2953663
76.5,72.4,77.9,67.0,2026-06-18 03:40:00,2953663
77.0,75.4,79.2,68.6,2026-06-18 04:00:00,2953663
77.2,76.1,79.5,69.1,2026-06-18 04:20:00,2953663
77.3,78.2,79.9,70.0,2026-06-18 04:40:00,2953663
77.3,78.9,80.1,70.2,2026-06-18 05:00:00,2953663
77.1,79.7,79.9,70.3,2026-06-18 05:20:00,2953663
76.8,80.3,79.5,70.3,2026-06-18 05:40:00,2953663
76.6,81.3,79.0,70.4,2026-06-18 06:00:00,2953663
76.4,82.2,78.8,70.5,2026-06-18 06:20:00,2953663
76.5,82.5,79.2,70.8,2026-06-18 06:40:00,2953663
77.1,82.1,80.2,71.2,2026-06-18 07:00:00,2953663
77.7,80.6,81.5,71.3,2026-06-18 07:20:00,2953663
78.1,80.1,82.0,71.4,2026-06-18 07:40:00,2953663
78.5,79.3,82.8,71.6,2026-06-18 08:00:00,2953663
79.2,77.8,83.8,71.7,2026-06-18 08:20:00,2953663
81.4,74.1,86.9,72.4,2026-06-18 08:40:00,2953663
81.6,72.6,86.9,71.9,2026-06-18 09:00:00,2953663
83.5,70.3,90.7,72.8,2026-06-18 09:20:00,2953663
85.1,67.4,93.6,73.1,2026-06-18 09:40:00,2953663
85.0,67.5,93.0,73.0,2026-06-18 10:00:00,2953663
85.7,64.8,93.7,72.6,2026-06-18 10:20:00,2953663
87.0,63.0,95.9,72.9,2026-06-18 10:40:00,2953663
88.7,61.8,98.8,73.9,2026-06-18 11:00:00,2953663
90.8,58.3,102.7,74.1,2026-06-18 11:20:00,2953663
93.0,53.8,105.8,73.8,2026-06-18 11:40:00,2953663
91.4,55.0,102.4,72.9,2026-06-18 12:00:00,2953663
93.1,52.7,105.1,73.2,2026-06-18 12:20:00,2953663
94.2,50.3,106.2,72.9,2026-06-18 12:40:00,2953663
95.1,49.3,107.8,73.1,2026-06-18 13:00:00,2953663
96.8,46.7,109.6,73.0,2026-06-18 13:20:00,2953663
99.1,44.5,113.2,73.7,2026-06-18 13:40:00,2953663
97.6,44.8,110.3,72.6,2026-06-18 14:00:00,2953663
97.2,45.1,109.6,72.3,2026-06-18 14:20:00,2953663
98.0,45.0,111.0,73.0,2026-06-18 14:40:00,2953663
99.4,42.3,112.3,72.5,2026-06-18 15:00:00,2953663
96.6,43.5,106.9,70.7,2026-06-18 15:20:00,2953663
91.7,45.6,97.9,67.7,2026-06-18 15:40:00,2953663
83.3,60.0,86.9,67.9,2026-06-18 16:00:00,2953663
79.2,75.6,83.3,70.8,2026-06-18 16:20:00,2953663
85.1,72.9,95.5,75.4,2026-06-18 16:40:00,2953663
89.3,63.0,101.5,75.1,2026-06-18 17:00:00,2953663
88.7,59.3,97.7,72.6,2026-06-18 17:20:00,2953663
86.2,62.9,94.1,72.1,2026-06-18 17:40:00,2953663
85.8,62.0,93.0,71.3,2026-06-18 18:00:00,2953663
85.7,64.2,93.4,72.2,2026-06-18 18:20:00,2953663
86.1,64.5,94.5,72.8,2026-06-18 18:40:00,2953663
85.7,64.5,93.7,72.4,2026-06-18 19:00:00,2953663
85.1,67.3,93.6,73.1,2026-06-18 19:20:00,2953663
84.4,68.4,92.3,72.8,2026-06-18 19:40:00,2953663
83.7,71.0,91.2,73.3,2026-06-18 20:00:00,2953663
83.1,71.1,89.6,72.8,2026-06-18 20:20:00,2953663
82.5,72.9,88.7,72.9,2026-06-18 20:40:00,2953663
81.9,74.7,88.2,73.1,2026-06-18 21:00:00,2953663
80.9,81.5,87.8,74.7,2026-06-18 21:20:00,2953663
77.5,94.2,82.9,75.7,2026-06-18 21:40:00,2953663
75.5,94.9,79.2,73.9,2026-06-18 22:00:00,2953663
74.9,95.6,78.6,73.5,2026-06-18 22:20:00,2953663
74.7,96.0,78.3,73.4,2026-06-18 22:40:00,2953663
74.4,96.2,77.7,73.3,2026-06-18 23:00:00,2953663
74.1,96.3,77.4,73.0,2026-06-18 23:20:00,2953663
73.8,96.3,77.0,72.7,2026-06-18 23:40:00,2953663
73.5,96.4,76.6,72.4,2026-06-19 00:00:00,2953663
73.5,96.5,76.6,72.4,2026-06-19 00:20:00,2953663
73.5,96.6,76.6,72.4,2026-06-19 00:40:00,2953663
73.6,96.7,76.8,72.6,2026-06-19 01:00:00,2953663
73.5,96.7,76.6,72.5,2026-06-19 01:20:00,2953663
73.4,96.8,76.3,72.4,2026-06-19 01:40:00,2953663
73.0,96.7,75.7,72.0,2026-06-19 02:00:00,2953663
72.8,96.7,75.6,71.8,2026-06-19 02:20:00,2953663
72.8,96.6,75.6,71.8,2026-06-19 02:40:00,2953663
72.6,96.6,75.2,71.6,2026-06-19 03:00:00,2953663
72.6,96.7,75.2,71.6,2026-06-19 03:20:00,2953663
72.6,96.7,75.2,71.6,2026-06-19 03:40:00,2953663
72.6,96.8,75.2,71.7,2026-06-19 04:00:00,2953663
72.6,96.9,75.2,71.7,2026-06-19 04:20:00,2953663
72.1,96.8,74.5,71.2,2026-06-19 04:40:00,2953663
71.7,96.8,73.9,70.8,2026-06-19 05:00:00,2953663
71.6,96.9,73.9,70.7,2026-06-19 05:20:00,2953663
71.4,97.0,73.4,70.5,2026-06-19 05:40:00,2953663
70.9,97.1,72.9,70.0,2026-06-19 06:00:00,2953663
70.7,97.2,72.7,69.9,2026-06-19 06:20:00,2953663
70.7,97.3,72.3,69.9,2026-06-19 06:40:00,2953663
70.8,97.4,72.7,70.0,2026-06-19 07:00:00,2953663
71.0,97.5,73.0,70.2,2026-06-19 07:20:00,2953663
71.2,97.6,73.2,70.4,2026-06-19 07:40:00,2953663
71.3,97.7,73.6,70.6,2026-06-19 08:00:00,2953663
71.4,97.8,73.6,70.7,2026-06-19 08:20:00,2953663
71.9,97.8,74.3,71.2,2026-06-19 08:40:00,2953663
72.3,97.9,75.2,71.7,2026-06-19 09:00:00,2953663
72.7,97.9,75.7,72.1,2026-06-19 09:20:00,2953663
72.6,97.9,75.4,72.0,2026-06-19 09:40:00,2953663
73.7,98.0,77.0,73.1,2026-06-19 10:00:00,2953663
74.5,97.9,78.3,73.8,2026-06-19 10:20:00,2953663
76.0,97.8,80.4,75.3,2026-06-19 10:40:00,2953663
76.3,96.3,80.8,75.2,2026-06-19 11:00:00,2953663
76.5,94.3,80.8,74.7,2026-06-19 11:20:00,2953663
78.0,94.2,84.2,76.2,2026-06-19 11:40:00,2953663
78.7,90.7,85.3,75.7,2026-06-19 12:00:00,2953663
80.8,88.0,89.6,76.9,2026-06-19 12:20:00,2953663
81.8,81.0,89.4,75.4,2026-06-19 12:40:00,2953663
83.8,76.9,93.4,75.7,2026-06-19 13:00:00,2953663
84.7,72.9,94.1,75.1,2026-06-19 13:20:00,2953663
86.4,70.0,97.5,75.5,2026-06-19 13:40:00,2953663
89.1,65.2,102.2,75.8,2026-06-19 14:00:00,2953663
89.2,60.3,99.5,73.7,2026-06-19 14:20:00,2953663
89.2,55.7,97.5,71.3,2026-06-19 14:40:00,2953663
90.4,57.5,101.3,73.3,2026-06-19 15:00:00,2953663
91.8,52.3,102.0,71.8,2026-06-19 15:20:00,2953663
94.4,52.1,107.8,74.1,2026-06-19 15:40:00,2953663
93.9,49.3,104.5,72.0,2026-06-19 16:00:00,2953663
92.8,43.7,99.1,67.5,2026-06-19 16:20:00,2953663
92.8,40.7,97.7,65.4,2026-06-19 16:40:00,2953663
93.3,41.4,99.0,66.3,2026-06-19 17:00:00,2953663
90.5,41.0,93.9,63.6,2026-06-19 17:20:00,2953663
87.7,43.2,89.6,62.6,2026-06-19 17:40:00,2953663
86.8,44.7,88.7,62.7,2026-06-19 18:00:00,2953663
86.1,46.0,88.0,62.9,2026-06-19 18:20:00,2953663
85.3,45.5,86.5,61.9,2026-06-19 18:40:00,2953663
84.7,46.5,85.8,62.0,2026-06-19 19:00:00,2953663
83.8,47.8,84.7,61.9,2026-06-19 19:20:00,2953663
82.9,49.7,83.7,62.2,2026-06-19 19:40:00,2953663
81.5,51.5,82.0,61.9,2026-06-19 20:00:00,2953663
80.5,54.5,81.1,62.6,2026-06-19 20:20:00,2953663
78.9,57.0,79.3,62.3,2026-06-19 20:40:00,2953663
77.7,55.7,77.5,60.6,2026-06-19 21:00:00,2953663
76.6,55.7,75.9,59.6,2026-06-19 21:20:00,2953663
75.3,59.1,75.0,60.0,2026-06-19 21:40:00,2953663
74.3,60.5,74.1,59.7,2026-06-19 22:00:00,2953663
73.6,61.2,73.6,59.4,2026-06-19 22:20:00,2953663
73.0,60.8,72.9,58.7,2026-06-19 22:40:00,2953663
73.0,58.0,72.7,57.4,2026-06-19 23:00:00,2953663
72.8,57.0,72.3,56.7,2026-06-19 23:20:00,2953663
72.0,57.8,71.8,56.3,2026-06-19 23:40:00,2953663
71.3,60.5,71.2,57.0,2026-06-20 00:00:00,2953663
70.6,62.4,70.5,57.2,2026-06-20 00:20:00,2953663
69.8,63.2,69.6,56.8,2026-06-20 00:40:00,2953663
69.5,64.1,69.3,56.8,2026-06-20 01:00:00,2953663
68.8,65.7,68.4,56.8,2026-06-20 01:20:00,2953663
68.1,65.7,67.3,56.1,2026-06-20 01:40:00,2953663
67.3,66.4,66.4,55.8,2026-06-20 02:00:00,2953663
66.4,67.6,65.3,55.4,2026-06-20 02:20:00,2953663
65.4,70.5,64.0,55.6,2026-06-20 02:40:00,2953663
65.1,72.8,63.9,56.1,2026-06-20 03:00:00,2953663
65.1,72.0,64.0,55.9,2026-06-20 03:20:00,2953663
64.9,73.5,63.9,56.2,2026-06-20 03:40:00,2953663
63.5,75.7,62.8,55.7,2026-06-20 04:00:00,2953663
62.9,77.7,62.2,55.8,2026-06-20 04:20:00,2953663
62.2,79.8,61.7,55.9,2026-06-20 04:40:00,2953663
61.8,80.5,61.3,55.8,2026-06-20 05:00:00,2953663
61.2,82.3,61.0,55.8,2026-06-20 05:20:00,2953663
60.6,83.5,60.4,55.5,2026-06-20 05:40:00,2953663
60.4,84.2,60.4,55.7,2026-06-20 06:00:00,2953663
60.3,85.7,60.3,56.0,2026-06-20 06:20:00,2953663
61.0,86.4,61.0,56.9,2026-06-20 06:40:00,2953663
62.1,85.7,62.1,57.8,2026-06-20 07:00:00,2953663
63.2,85.5,63.1,58.8,2026-06-20 07:20:00,2953663
64.9,84.0,64.9,60.0,2026-06-20 07:40:00,2953663
67.8,76.9,68.0,60.4,2026-06-20 08:00:00,2953663
71.1,67.8,71.6,59.9,2026-06-20 08:20:00,2953663
73.7,64.1,73.9,60.7,2026-06-20 08:40:00,2953663
76.4,58.2,75.9,60.6,2026-06-20 09:00:00,2953663
78.5,52.9,78.3,59.9,2026-06-20 09:20:00,2953663
80.0,50.2,79.7,59.8,2026-06-20 09:40:00,2953663
82.2,48.1,82.0,60.6,2026-06-20 10:00:00,2953663
82.9,44.0,82.2,58.8,2026-06-20 10:20:00,2953663
83.8,43.3,83.7,59.2,2026-06-20 10:40:00,2953663
84.7,39.9,84.2,57.6,2026-06-20 11:00:00,2953663
85.8,38.1,85.6,57.4,2026-06-20 11:20:00,2953663
87.0,34.5,86.0,55.6,2026-06-20 11:40:00,2953663
88.0,34.2,87.4,56.3,2026-06-20 12:00:00,2953663
88.7,31.0,87.3,54.2,2026-06-20 12:20:00,2953663
88.2,34.2,87.6,56.4,2026-06-20 12:40:00,2953663
88.0,32.5,86.9,54.9,2026-06-20 13:00:00,2953663
88.3,31.4,86.7,54.2,2026-06-20 13:20:00,2953663
89.7,32.2,89.1,56.1,2026-06-20 13:40:00,2953663
91.1,33.3,91.8,58.3,2026-06-20 14:00:00,2953663
91.4,31.3,91.2,56.8,2026-06-20 14:20:00,2953663
91.9,30.7,91.8,56.7,2026-06-20 14:40:00,2953663
92.3,31.2,92.8,57.5,2026-06-20 15:00:00,2953663
94.2,27.9,94.1,56.0,2026-06-20 15:20:00,2953663
93.7,27.3,93.4,55.1,2026-06-20 15:40:00,2953663
94.1,30.5,95.2,58.4,2026-06-20 16:00:00,2953663
97.0,27.3,98.2,57.8,2026-06-20 16:20:00,2953663
97.5,27.7,99.3,58.7,2026-06-20 16:40:00,2953663
95.9,26.8,96.4,56.4,2026-06-20 17:00:00,2953663
93.6,26.7,92.8,54.3,2026-06-20 17:20:00,2953663
90.1,28.6,88.7,53.3,2026-06-20 17:40:00,2953663
88.7,31.2,87.1,54.3,2026-06-20 18:00:00,2953663
87.2,33.2,85.8,54.8,2026-06-20 18:20:00,2953663
86.7,33.6,85.3,54.6,2026-06-20 18:40:00,2953663
86.1,35.0,84.9,55.2,2026-06-20 19:00:00,2953663
85.3,36.5,84.4,55.8,2026-06-20 19:20:00,2953663
84.0,38.8,82.8,56.3,2026-06-20 19:40:00,2953663
82.5,42.1,81.5,57.1,2026-06-20 20:00:00,2953663
81.5,44.0,80.8,57.5,2026-06-20 20:20:00,2953663
80.0,46.0,79.0,57.4,2026-06-20 20:40:00,2953663
79.0,47.8,78.1,57.5,2026-06-20 21:00:00,2953663
78.3,49.6,77.5,58.0,2026-06-20 21:20:00,2953663
77.5,51.1,76.5,58.0,2026-06-20 21:40:00,2953663
76.8,51.9,75.7,57.8,2026-06-20 22:00:00,2953663
76.5,52.7,75.6,57.9,2026-06-20 22:20:00,2953663
76.1,53.1,75.2,57.8,2026-06-20 22:40:00,2953663
76.3,52.4,75.4,57.7,2026-06-20 23:00:00,2953663
76.2,52.9,75.2,57.8,2026-06-20 23:20:00,2953663
75.8,52.7,74.8,57.3,2026-06-20 23:40:00,2953663
75.3,53.3,74.3,57.2,2026-06-21 00:00:00,2953663
75.1,54.2,74.3,57.5,2026-06-21 00:20:00,2953663
75.6,53.5,74.8,57.5,2026-06-21 00:40:00,2953663
75.3,54.1,74.5,57.6,2026-06-21 01:00:00,2953663
74.6,55.5,73.9,57.7,2026-06-21 01:20:00,2953663
74.3,56.2,73.6,57.7,2026-06-21 01:40:00,2953663
74.3,57.2,73.9,58.2,2026-06-21 02:00:00,2953663
73.8,58.8,73.6,58.5,2026-06-21 02:20:00,2953663
73.1,61.7,73.2,59.1,2026-06-21 02:40:00,2953663
71.8,68.3,72.3,60.8,2026-06-21 03:00:00,2953663
70.8,70.2,71.4,60.6,2026-06-21 03:20:00,2953663
69.5,72.8,69.8,60.4,2026-06-21 03:40:00,2953663
68.9,74.1,69.1,60.4,2026-06-21 04:00:00,2953663
68.5,74.3,68.4,60.0,2026-06-21 04:20:00,2953663
68.3,76.0,68.4,60.5,2026-06-21 04:40:00,2953663
67.7,77.8,67.8,60.5,2026-06-21 05:00:00,2953663
66.8,80.1,66.7,60.5,2026-06-21 05:20:00,2953663
66.0,81.6,65.8,60.2,2026-06-21 05:40:00,2953663
65.9,82.2,65.8,60.4,2026-06-21 06:00:00,2953663
65.9,83.7,66.0,60.8,2026-06-21 06:20:00,2953663
66.3,83.7,66.4,61.2,2026-06-21 06:40:00,2953663
67.4,82.9,67.8,62.0,2026-06-21 07:00:00,2953663
68.5,82.7,69.1,63.1,2026-06-21 07:20:00,2953663
70.3,81.6,71.2,64.4,2026-06-21 07:40:00,2953663
72.3,78.7,73.4,65.3,2026-06-21 08:00:00,2953663
74.7,72.8,75.9,65.4,2026-06-21 08:20:00,2953663
77.3,67.4,78.3,65.6,2026-06-21 08:40:00,2953663
79.7,62.2,81.7,65.6,2026-06-21 09:00:00,2953663
81.6,58.2,83.5,65.5,2026-06-21 09:20:00,2953663
83.2,55.2,85.6,65.4,2026-06-21 09:40:00,2953663
85.3,53.1,88.9,66.3,2026-06-21 10:00:00,2953663
87.0,49.2,90.5,65.7,2026-06-21 10:20:00,2953663
88.0,44.4,90.5,63.7,2026-06-21 10:40:00,2953663
89.4,42.1,91.9,63.4,2026-06-21 11:00:00,2953663
90.6,41.5,94.1,64.1,2026-06-21 11:20:00,2953663
91.0,39.5,94.1,63.0,2026-06-21 11:40:00,2953663
92.8,39.7,97.2,64.7,2026-06-21 12:00:00,2953663
93.6,39.3,98.8,65.1,2026-06-21 12:20:00,2953663
93.2,36.5,96.3,62.6,2026-06-21 12:40:00,2953663
93.6,37.5,97.7,63.8,2026-06-21 13:00:00,2953663
93.7,37.5,97.7,63.9,2026-06-21 13:20:00,2953663
95.7,32.9,99.1,61.9,2026-06-21 13:40:00,2953663
92.9,37.2,96.4,63.0,2026-06-21 14:00:00,2953663
94.1,35.8,97.7,62.9,2026-06-21 14:20:00,2953663
94.8,35.1,98.6,63.0,2026-06-21 14:40:00,2953663
95.2,39.0,101.8,66.4,2026-06-21 15:00:00,2953663
98.5,33.7,104.5,65.0,2026-06-21 15:20:00,2953663
99.1,32.8,104.7,64.7,2026-06-21 15:40:00,2953663
97.0,36.0,102.9,65.6,2026-06-21 16:00:00,2953663
95.7,35.7,100.4,64.2,2026-06-21 16:20:00,2953663
96.6,36.4,102.9,65.6,2026-06-21 16:40:00,2953663
99.2,33.6,105.6,65.5,2026-06-21 17:00:00,2953663
95.9,33.8,100.0,62.8,2026-06-21 17:20:00,2953663
92.4,38.0,95.9,63.0,2026-06-21 17:40:00,2953663
91.2,39.1,94.5,62.9,2026-06-21 18:00:00,2953663
90.4,40.7,93.6,63.3,2026-06-21 18:20:00,2953663
89.1,43.0,92.1,63.6,2026-06-21 18:40:00,2953663
88.7,43.9,91.4,63.9,2026-06-21 19:00:00,2953663
88.0,44.9,90.7,64.0,2026-06-21 19:20:00,2953663
87.1,46.1,89.8,63.9,2026-06-21 19:40:00,2953663
85.9,48.4,88.5,64.2,2026-06-21 20:00:00,2953663
85.3,49.5,87.8,64.3,2026-06-21 20:20:00,2953663
85.6,50.0,88.3,64.8,2026-06-21 20:40:00,2953663
85.6,49.6,88.2,64.6,2026-06-21 21:00:00,2953663
84.7,50.1,86.9,64.1,2026-06-21 21:20:00,2953663
83.8,50.5,85.5,63.5,2026-06-21 21:40:00,2953663
82.8,52.2,84.2,63.5,2026-06-21 22:00:00,2953663
81.8,54.2,82.8,63.6,2026-06-21 22:20:00,2953663
80.9,55.0,81.9,63.2,2026-06-21 22:40:00,2953663
80.2,56.0,81.0,63.1,2026-06-21 23:00:00,2953663
79.5,57.3,80.4,63.1,2026-06-21 23:20:00,2953663
78.7,59.9,79.5,63.6,2026-06-21 23:40:00,2953663
78.6,61.1,79.7,64.1,2026-06-22 00:00:00,2953663
78.9,64.3,80.6,65.8,2026-06-22 00:20:00,2953663
78.5,66.3,80.4,66.4,2026-06-22 00:40:00,2953663
78.3,69.7,80.6,67.6,2026-06-22 01:00:00,2953663
77.8,70.7,79.9,67.5,2026-06-22 01:20:00,2953663
77.3,71.9,79.0,67.6,2026-06-22 01:40:00,2953663
76.8,73.7,78.3,67.7,2026-06-22 02:00:00,2953663
76.4,75.9,77.9,68.2,2026-06-22 02:20:00,2953663
76.3,77.5,78.1,68.8,2026-06-22 02:40:00,2953663
75.9,78.4,77.9,68.7,2026-06-22 03:00:00,2953663
75.4,80.0,77.4,68.8,2026-06-22 03:20:00,2953663
74.9,81.0,77.0,68.7,2026-06-22 03:40:00,2953663
74.7,82.6,76.8,69.0,2026-06-22 04:00:00,2953663
74.4,83.6,76.6,69.1,2026-06-22 04:20:00,2953663
74.1,84.9,76.3,69.2,2026-06-22 04:40:00,2953663
73.5,86.1,75.6,69.1,2026-06-22 05:00:00,2953663
73.1,87.0,75.2,69.0,2026-06-22 05:20:00,2953663
72.7,87.9,74.8,68.9,2026-06-22 05:40:00,2953663
72.7,89.1,74.8,69.3,2026-06-22 06:00:00,2953663
72.3,89.5,74.1,69.0,2026-06-22 06:20:00,2953663
72.3,90.1,74.3,69.3,2026-06-22 06:40:00,2953663
72.9,90.2,75.4,69.8,2026-06-22 07:00:00,2953663
74.1,89.8,76.6,70.9,2026-06-22 07:20:00,2953663
75.8,88.3,78.8,72.1,2026-06-22 07:40:00,2953663
77.8,85.7,82.2,73.1,2026-06-22 08:00:00,2953663
79.6,82.5,85.5,73.8,2026-06-22 08:20:00,2953663
81.6,79.0,88.7,74.4,2026-06-22 08:40:00,2953663
83.4,76.0,91.9,75.0,2026-06-22 09:00:00,2953663
85.1,72.2,94.8,75.1,2026-06-22 09:20:00,2953663
86.7,70.3,98.4,75.9,2026-06-22 09:40:00,2953663
87.2,68.7,98.6,75.7,2026-06-22 10:00:00,2953663
87.5,66.4,98.6,74.9,2026-06-22 10:20:00,2953663
89.1,64.2,101.7,75.4,2026-06-22 10:40:00,2953663
90.5,61.3,103.8,75.4,2026-06-22 11:00:00,2953663
91.0,57.4,102.7,73.9,2026-06-22 11:20:00,2953663
92.8,56.4,106.3,75.0,2026-06-22 11:40:00,2953663
91.7,55.3,103.3,73.4,2026-06-22 12:00:00,2953663
92.6,55.5,105.4,74.3,2026-06-22 12:20:00,2953663
93.7,47.0,102.7,70.4,2026-06-13 13:00:00,2968898
93.0,47.0,101.3,69.8,2026-06-13 13:20:00,2968898
94.5,45.6,104.0,70.2,2026-06-13 13:40:00,2968898
94.4,44.0,102.6,69.2,2026-06-13 14:00:00,2968898
92.9,44.2,99.7,67.9,2026-06-13 14:20:00,2968898
94.3,44.0,102.0,69.0,2026-06-13 14:40:00,2968898
94.7,42.0,102.2,68.0,2026-06-13 15:00:00,2968898
95.8,41.6,104.4,68.7,2026-06-13 15:20:00,2968898
94.8,41.8,102.2,68.0,2026-06-13 15:40:00,2968898
95.9,40.7,104.0,68.2,2026-06-13 16:00:00,2968898
94.3,45.5,102.9,70.0,2026-06-13 16:20:00,2968898
93.4,46.5,101.7,69.8,2026-06-13 16:40:00,2968898
95.1,41.2,102.6,67.8,2026-06-13 17:00:00,2968898
95.9,40.0,103.8,67.7,2026-06-13 17:20:00,2968898
95.0,41.9,102.9,68.2,2026-06-13 17:40:00,2968898
95.3,40.6,102.6,67.6,2026-06-13 18:00:00,2968898
95.2,40.9,102.7,67.7,2026-06-13 18:20:00,2968898
95.1,41.8,102.9,68.3,2026-06-13 18:40:00,2968898
94.3,41.5,100.9,67.3,2026-06-13 19:00:00,2968898
93.1,43.3,99.5,67.5,2026-06-13 19:20:00,2968898
92.2,45.1,98.8,67.9,2026-06-13 19:40:00,2968898
91.3,46.5,97.7,67.9,2026-06-13 20:00:00,2968898
90.6,47.6,96.8,67.9,2026-06-13 20:20:00,2968898
89.7,49.0,95.5,68.0,2026-06-13 20:40:00,2968898
88.7,50.5,93.9,67.9,2026-06-13 21:00:00,2968898
88.1,51.7,93.4,68.1,2026-06-13 21:20:00,2968898
84.7,59.4,89.6,69.0,2026-06-13 21:40:00,2968898
83.1,62.6,87.1,69.0,2026-06-13 22:00:00,2968898
82.0,65.9,85.8,69.5,2026-06-13 22:20:00,2968898
81.5,67.8,85.5,69.8,2026-06-13 22:40:00,2968898
81.0,69.5,85.1,70.1,2026-06-13 23:00:00,2968898
81.1,67.8,84.9,69.5,2026-06-13 23:20:00,2968898
81.3,65.7,84.7,68.7,2026-06-13 23:40:00,2968898
80.9,65.4,84.0,68.2,2026-06-14 00:00:00,2968898
80.7,66.3,84.0,68.4,2026-06-14 00:20:00,2968898
79.9,67.9,82.8,68.3,2026-06-14 00:40:00,2968898
78.6,70.5,81.5,68.2,2026-06-14 01:00:00,2968898
78.3,72.1,81.0,68.5,2026-06-14 01:20:00,2968898
77.6,74.4,80.1,68.8,2026-06-14 01:40:00,2968898
76.7,77.5,78.6,69.2,2026-06-14 02:00:00,2968898
76.2,79.7,78.3,69.4,2026-06-14 02:20:00,2968898
75.9,80.8,78.1,69.5,2026-06-14 02:40:00,2968898
75.5,82.3,77.7,69.7,2026-06-14 03:00:00,2968898
75.1,83.5,77.5,69.8,2026-06-14 03:20:00,2968898
74.8,84.8,77.2,69.9,2026-06-14 03:40:00,2968898
74.5,85.6,76.8,69.9,2026-06-14 04:00:00,2968898
74.2,86.6,76.6,69.9,2026-06-14 04:20:00,2968898
74.0,87.1,76.5,69.9,2026-06-14 04:40:00,2968898
73.6,87.8,76.1,69.7,2026-06-14 05:00:00,2968898
73.1,88.8,75.4,69.6,2026-06-14 05:20:00,2968898
72.8,89.7,74.8,69.6,2026-06-14 05:40:00,2968898
72.9,90.2,75.4,69.8,2026-06-14 06:00:00,2968898
72.9,90.5,75.4,69.9,2026-06-14 06:20:00,2968898
73.0,90.3,75.4,70.0,2026-06-14 06:40:00,2968898
73.5,90.4,76.1,70.5,2026-06-14 07:00:00,2968898
76.5,87.7,79.9,72.5,2026-06-14 07:20:00,2968898
82.5,76.3,89.8,74.3,2026-06-14 07:40:00,2968898
83.0,69.0,89.1,71.8,2026-06-14 08:00:00,2968898
87.0,65.4,96.8,73.9,2026-06-14 08:20:00,2968898
83.7,66.7,90.0,71.4,2026-06-14 08:40:00,2968898
84.8,67.2,92.7,72.8,2026-06-14 09:00:00,2968898
88.4,64.2,99.7,74.8,2026-06-14 09:20:00,2968898
86.5,63.5,94.8,72.7,2026-06-14 09:40:00,2968898
87.0,62.6,95.5,72.7,2026-06-14 10:00:00,2968898
88.4,60.6,97.9,73.0,2026-06-14 10:20:00,2968898
88.3,59.9,97.0,72.6,2026-06-14 10:40:00,2968898
89.8,57.5,100.0,72.8,2026-06-14 11:00:00,2968898
91.8,53.8,102.9,72.6,2026-06-14 11:20:00,2968898
92.9,51.8,104.0,72.5,2026-06-14 11:40:00,2968898
93.4,48.5,103.3,71.1,2026-06-14 12:00:00,2968898
94.4,45.9,103.6,70.4,2026-06-14 12:20:00,2968898
94.5,45.2,103.6,70.0,2026-06-14 12:40:00,2968898
93.4,49.0,103.3,71.3,2026-06-14 13:00:00,2968898
94.3,49.6,105.6,72.5,2026-06-14 13:20:00,2968898
94.9,49.4,107.4,73.0,2026-06-14 13:40:00,2968898
94.9,48.8,106.9,72.6,2026-06-14 14:00:00,2968898
96.2,45.3,107.2,71.6,2026-06-14 14:20:00,2968898
95.9,42.1,104.9,69.2,2026-06-14 14:40:00,2968898
96.9,38.9,104.9,67.8,2026-06-14 15:00:00,2968898
98.3,38.9,107.8,69.0,2026-06-14 15:20:00,2968898
98.2,37.7,106.5,67.9,2026-06-14 15:40:00,2968898
98.1,36.8,106.0,67.2,2026-06-14 16:00:00,2968898
98.8,36.7,106.9,67.7,2026-06-14 16:20:00,2968898
97.3,36.9,104.4,66.6,2026-06-14 16:40:00,2968898
96.7,38.9,104.5,67.6,2026-06-14 17:00:00,2968898
95.9,39.0,103.1,67.0,2026-06-14 17:20:00,2968898
96.2,38.2,102.9,66.7,2026-06-14 17:40:00,2968898
94.8,39.9,101.1,66.6,2026-06-14 18:00:00,2968898
90.2,47.9,96.3,67.8,2026-06-14 18:20:00,2968898
88.2,51.4,93.7,68.0,2026-06-14 18:40:00,2968898
87.2,54.2,92.7,68.7,2026-06-14 19:00:00,2968898
86.6,56.3,92.3,69.2,2026-06-14 19:20:00,2968898
85.7,58.5,91.4,69.5,2026-06-14 19:40:00,2968898
85.3,59.8,91.0,69.7,2026-06-14 20:00:00,2968898
84.7,61.3,90.1,69.9,2026-06-14 20:20:00,2968898
84.0,63.3,89.6,70.2,2026-06-14 20:40:00,2968898
83.5,65.1,89.1,70.5,2026-06-14 21:00:00,2968898
82.7,67.0,87.6,70.6,2026-06-14 21:20:00,2968898
82.4,67.3,87.3,70.5,2026-06-14 21:40:00,2968898
81.8,69.7,86.5,71.0,2026-06-14 22:00:00,2968898
81.6,72.1,86.7,71.7,2026-06-14 22:20:00,2968898
81.4,72.3,86.5,71.7,2026-06-14 22:40:00,2968898
81.4,72.1,86.5,71.6,2026-06-14 23:00:00,2968898
81.4,71.5,86.4,71.3,2026-06-14 23:20:00,2968898
81.3,71.5,86.0,71.2,2026-06-14 23:40:00,2968898
81.0,71.9,85.8,71.1,2026-06-15 00:00:00,2968898
80.9,72.3,85.6,71.1,2026-06-15 00:20:00,2968898
80.8,72.6,85.6,71.2,2026-06-15 00:40:00,2968898
80.6,72.8,84.9,71.0,2026-06-15 01:00:00,2968898
80.5,72.5,84.9,70.8,2026-06-15 01:20:00,2968898
80.5,72.5,84.9,70.8,2026-06-15 01:40:00,2968898
80.4,72.7,84.9,70.9,2026-06-15 02:00:00,2968898
80.4,73.2,84.7,71.0,2026-06-15 02:20:00,2968898
80.1,73.8,84.6,71.0,2026-06-15 02:40:00,2968898
80.0,74.4,84.4,71.1,2026-06-15 03:00:00,2968898
80.2,74.4,84.6,71.3,2026-06-15 03:20:00,2968898
79.8,74.7,84.0,71.1,2026-06-15 03:40:00,2968898
79.4,74.8,83.5,70.8,2026-06-15 04:00:00,2968898
78.7,75.8,82.2,70.4,2026-06-15 04:20:00,2968898
78.4,76.3,81.7,70.3,2026-06-15 04:40:00,2968898
77.8,76.5,80.8,69.8,2026-06-15 05:00:00,2968898
77.4,74.6,79.7,68.7,2026-06-15 05:20:00,2968898
77.2,72.7,79.2,67.8,2026-06-15 05:40:00,2968898
77.2,70.1,78.8,66.7,2026-06-15 06:00:00,2968898
77.2,69.6,78.8,66.5,2026-06-15 06:20:00,2968898
77.3,67.2,78.3,65.6,2026-06-15 06:40:00,2968898
77.3,66.1,78.3,65.1,2026-06-15 07:00:00,2968898
77.2,65.4,78.1,64.8,2026-06-15 07:20:00,2968898
76.9,63.3,77.4,63.5,2026-06-15 07:40:00,2968898
76.7,62.2,76.8,62.8,2026-06-15 08:00:00,2968898
83.0,51.3,84.4,63.1,2026-06-15 08:20:00,2968898
79.2,51.4,79.0,59.7,2026-06-15 08:40:00,2968898
80.2,47.7,79.5,58.6,2026-06-15 09:00:00,2968898
78.4,43.8,76.6,54.6,2026-06-15 09:20:00,2968898
79.2,46.1,78.1,56.7,2026-06-15 09:40:00,2968898
80.4,46.2,79.5,57.8,2026-06-15 10:00:00,2968898
81.7,45.9,81.1,58.8,2026-06-15 10:20:00,2968898
82.2,43.7,81.1,57.9,2026-06-15 10:40:00,2968898
83.0,42.9,82.4,58.2,2026-06-15 11:00:00,2968898
83.3,41.5,82.6,57.5,2026-06-15 11:20:00,2968898
82.5,42.1,81.5,57.2,2026-06-15 11:40:00,2968898
83.8,40.3,82.9,57.2,2026-06-15 12:00:00,2968898
85.8,38.0,85.3,57.3,2026-06-15 12:20:00,2968898
84.1,40.4,83.5,57.5,2026-06-15 12:40:00,2968898
83.0,37.6,81.3,54.6,2026-06-15 13:00:00,2968898
85.7,36.7,84.9,56.3,2026-06-15 13:20:00,2968898
86.8,36.6,86.4,57.1,2026-06-15 13:40:00,2968898
87.4,34.8,86.5,56.2,2026-06-15 14:00:00,2968898
87.7,33.3,86.5,55.3,2026-06-15 14:20:00,2968898
88.0,32.5,86.9,54.9,2026-06-15 14:40:00,2968898
88.7,32.1,87.4,55.1,2026-06-15 15:00:00,2968898
88.7,31.8,87.3,54.8,2026-06-15 15:20:00,2968898
88.8,30.9,87.3,54.2,2026-06-15 15:40:00,2968898
88.9,31.8,88.0,55.1,2026-06-15 16:00:00,2968898
88.2,31.1,86.5,53.9,2026-06-15 16:20:00,2968898
88.6,32.4,87.6,55.3,2026-06-15 16:40:00,2968898
87.6,33.4,86.4,55.3,2026-06-15 17:00:00,2968898
88.2,30.7,86.5,53.5,2026-06-15 17:20:00,2968898
88.1,30.8,86.4,53.5,2026-06-15 17:40:00,2968898
87.4,31.4,85.6,53.4,2026-06-15 18:00:00,2968898
87.0,31.9,85.3,53.5,2026-06-15 18:20:00,2968898
86.4,32.2,84.6,53.3,2026-06-15 18:40:00,2968898
86.1,32.5,84.2,53.2,2026-06-15 19:00:00,2968898
85.0,33.7,83.1,53.3,2026-06-15 19:20:00,2968898
84.2,34.5,82.2,53.2,2026-06-15 19:40:00,2968898
83.3,35.6,81.5,53.3,2026-06-15 20:00:00,2968898
82.4,36.0,80.2,52.8,2026-06-15 20:20:00,2968898
80.9,37.9,78.8,52.9,2026-06-15 20:40:00,2968898
79.4,40.3,77.5,53.2,2026-06-15 21:00:00,2968898
78.3,40.9,76.3,52.6,2026-06-15 21:20:00,2968898
76.9,43.7,75.0,53.2,2026-06-15 21:40:00,2968898
75.9,45.3,74.1,53.2,2026-06-15 22:00:00,2968898
74.0,49.1,72.9,53.7,2026-06-15 22:20:00,2968898
73.6,50.4,72.7,54.0,2026-06-15 22:40:00,2968898
72.7,51.6,71.8,53.8,2026-06-15 23:00:00,2968898
72.1,53.5,71.4,54.3,2026-06-15 23:20:00,2968898
71.5,54.1,70.9,54.1,2026-06-15 23:40:00,2968898
70.9,56.1,70.5,54.5,2026-06-16 00:00:00,2968898
70.4,58.9,70.2,55.4,2026-06-16 00:20:00,2968898
69.3,60.9,68.7,55.3,2026-06-16 00:40:00,2968898
68.6,63.4,68.0,55.7,2026-06-16 01:00:00,2968898
69.0,61.8,68.2,55.3,2026-06-16 01:20:00,2968898
69.8,60.1,69.3,55.3,2026-06-16 01:40:00,2968898
69.6,59.2,69.1,54.8,2026-06-16 02:00:00,2968898
69.7,58.9,69.1,54.7,2026-06-16 02:20:00,2968898
69.3,58.4,68.5,54.1,2026-06-16 02:40:00,2968898
69.1,58.1,68.4,53.8,2026-06-16 03:00:00,2968898
69.2,57.1,68.2,53.3,2026-06-16 03:20:00,2968898
68.6,57.6,67.5,53.1,2026-06-16 03:40:00,2968898
68.5,58.2,67.3,53.2,2026-06-16 04:00:00,2968898
68.0,58.4,66.6,52.8,2026-06-16 04:20:00,2968898
67.8,59.0,66.4,53.0,2026-06-16 04:40:00,2968898
67.7,59.7,66.4,53.2,2026-06-16 05:00:00,2968898
67.4,60.5,66.0,53.3,2026-06-16 05:20:00,2968898
67.5,60.7,66.2,53.4,2026-06-16 05:40:00,2968898
67.6,61.6,66.2,53.9,2026-06-16 06:00:00,2968898
67.6,62.3,66.4,54.3,2026-06-16 06:20:00,2968898
67.9,61.4,66.7,54.2,2026-06-16 06:40:00,2968898
68.5,61.4,67.5,54.6,2026-06-16 07:00:00,2968898
68.8,61.6,68.0,55.1,2026-06-16 07:20:00,2968898
69.2,61.6,68.5,55.4,2026-06-16 07:40:00,2968898
69.9,60.2,69.4,55.5,2026-06-16 08:00:00,2968898
70.4,59.6,70.2,55.7,2026-06-16 08:20:00,2968898
70.8,58.8,70.7,55.7,2026-06-16 08:40:00,2968898
71.3,57.6,71.1,55.6,2026-06-16 09:00:00,2968898
72.4,57.0,72.0,56.3,2026-06-16 09:20:00,2968898
73.2,56.2,72.9,56.7,2026-06-16 09:40:00,2968898
75.2,53.4,74.1,57.1,2026-06-16 10:00:00,2968898
76.9,50.5,75.7,57.1,2026-06-16 10:20:00,2968898
78.9,47.9,77.9,57.5,2026-06-16 10:40:00,2968898
79.6,45.6,78.4,56.8,2026-06-16 11:00:00,2968898
79.8,45.6,78.6,56.9,2026-06-16 11:20:00,2968898
78.6,47.0,77.7,56.7,2026-06-16 11:40:00,2968898
80.2,44.8,79.0,56.8,2026-06-16 12:00:00,2968898
79.7,45.6,78.6,56.9,2026-06-16 12:20:00,2968898
79.1,45.6,77.9,56.3,2026-06-16 12:40:00,2968898
80.5,44.4,79.3,56.9,2026-06-16 13:00:00,2968898
82.0,43.9,81.1,57.9,2026-06-16 13:20:00,2968898
82.2,40.5,80.6,55.8,2026-06-16 13:40:00,2968898
83.2,42.4,82.6,58.0,2026-06-16 14:00:00,2968898
84.2,40.9,83.8,57.8,2026-06-16 14:20:00,2968898
85.3,37.8,84.6,56.7,2026-06-16 14:40:00,2968898
85.2,40.0,84.9,58.2,2026-06-16 15:00:00,2968898
84.4,39.7,83.8,57.2,2026-06-16 15:20:00,2968898
85.1,40.0,84.7,58.0,2026-06-16 15:40:00,2968898
84.8,40.4,84.6,58.1,2026-06-16 16:00:00,2968898
84.4,41.2,84.0,58.2,2026-06-16 16:20:00,2968898
84.4,42.7,84.2,59.2,2026-06-16 16:40:00,2968898
84.4,43.7,84.4,59.9,2026-06-16 17:00:00,2968898
84.0,44.3,84.0,59.9,2026-06-16 17:20:00,2968898
84.0,44.3,84.4,60.0,2026-06-16 17:40:00,2968898
83.2,45.4,83.1,59.9,2026-06-16 18:00:00,2968898
83.1,44.2,82.9,59.1,2026-06-16 18:20:00,2968898
82.6,45.5,82.0,59.4,2026-06-16 18:40:00,2968898
82.2,47.9,82.0,60.5,2026-06-16 19:00:00,2968898
81.7,48.0,81.7,60.1,2026-06-16 19:20:00,2968898
81.3,48.0,81.0,59.8,2026-06-16 19:40:00,2968898
81.1,48.4,80.8,59.8,2026-06-16 20:00:00,2968898
80.9,48.9,80.6,59.9,2026-06-16 20:20:00,2968898
80.2,50.1,80.1,59.9,2026-06-16 20:40:00,2968898
79.0,51.7,78.6,59.7,2026-06-16 21:00:00,2968898
78.2,53.5,77.9,60.0,2026-06-16 21:20:00,2968898
77.2,54.9,76.6,59.8,2026-06-16 21:40:00,2968898
76.5,56.2,75.9,59.7,2026-06-16 22:00:00,2968898
76.2,56.6,75.6,59.6,2026-06-16 22:20:00,2968898
76.6,56.3,75.9,59.9,2026-06-16 22:40:00,2968898
76.2,56.8,75.7,59.8,2026-06-16 23:00:00,2968898
75.8,57.8,75.4,59.9,2026-06-16 23:20:00,2968898
75.5,58.5,75.2,59.9,2026-06-16 23:40:00,2968898
75.2,59.1,75.0,60.0,2026-06-17 00:00:00,2968898
74.9,60.0,74.7,60.0,2026-06-17 00:20:00,2968898
74.3,61.7,74.5,60.3,2026-06-17 00:40:00,2968898
73.9,63.6,74.1,60.8,2026-06-17 01:00:00,2968898
73.5,65.1,73.8,61.1,2026-06-17 01:20:00,2968898
73.0,66.7,73.4,61.2,2026-06-17 01:40:00,2968898
72.4,68.5,72.9,61.4,2026-06-17 02:00:00,2968898
72.0,69.9,72.7,61.6,2026-06-17 02:20:00,2968898
71.8,71.2,72.5,62.0,2026-06-17 02:40:00,2968898
71.5,72.5,72.3,62.2,2026-06-17 03:00:00,2968898
71.2,74.1,72.0,62.5,2026-06-17 03:20:00,2968898
70.9,75.5,72.0,62.7,2026-06-17 03:40:00,2968898
70.6,77.0,71.4,63.0,2026-06-17 04:00:00,2968898
70.4,77.9,71.2,63.2,2026-06-17 04:20:00,2968898
70.2,78.9,71.2,63.4,2026-06-17 04:40:00,2968898
70.1,79.9,70.9,63.6,2026-06-17 05:00:00,2968898
69.7,80.9,70.5,63.6,2026-06-17 05:20:00,2968898
69.5,81.8,70.3,63.7,2026-06-17 05:40:00,2968898
68.8,82.8,69.6,63.4,2026-06-17 06:00:00,2968898
68.3,83.9,68.9,63.3,2026-06-17 06:20:00,2968898
68.1,85.0,68.7,63.4,2026-06-17 06:40:00,2968898
69.1,84.9,70.2,64.4,2026-06-17 07:00:00,2968898
71.8,81.8,73.2,66.0,2026-06-17 07:20:00,2968898
77.2,71.7,78.6,67.3,2026-06-17 07:40:00,2968898
81.6,65.4,85.1,68.9,2026-06-17 08:00:00,2968898
80.1,63.9,82.4,66.8,2026-06-17 08:20:00,2968898
81.8,60.5,84.2,66.8,2026-06-17 08:40:00,2968898
84.3,56.4,88.0,67.1,2026-06-17 09:00:00,2968898
85.6,53.2,89.2,66.6,2026-06-17 09:20:00,2968898
84.7,51.6,87.3,64.9,2026-06-17 09:40:00,2968898
84.0,51.1,85.8,64.0,2026-06-17 10:00:00,2968898
84.7,51.3,87.1,64.8,2026-06-17 10:20:00,2968898
85.4,46.1,86.9,62.3,2026-06-17 10:40:00,2968898
86.6,42.9,87.8,61.4,2026-06-17 11:00:00,2968898
86.1,40.4,86.4,59.2,2026-06-17 11:20:00,2968898
88.2,37.7,88.7,59.2,2026-06-17 11:40:00,2968898
89.6,35.6,90.1,58.7,2026-06-17 12:00:00,2968898
88.2,36.8,88.3,58.5,2026-06-17 12:20:00,2968898
88.2,37.7,88.7,59.2,2026-06-17 12:40:00,2968898
88.8,36.1,89.1,58.4,2026-06-17 13:00:00,2968898
89.8,32.5,89.6,56.5,2026-06-17 13:20:00,2968898
90.9,31.0,90.5,56.0,2026-06-17 13:40:00,2968898
91.7,30.0,91.2,55.9,2026-06-17 14:00:00,2968898
92.3,31.4,92.5,57.6,2026-06-17 14:20:00,2968898
92.4,30.8,92.5,57.2,2026-06-17 14:40:00,2968898
93.7,30.4,94.5,58.0,2026-06-17 15:00:00,2968898
92.4,29.1,91.9,55.6,2026-06-17 15:20:00,2968898
91.6,32.6,92.3,58.1,2026-06-17 15:40:00,2968898
92.6,33.4,94.1,59.6,2026-06-17 16:00:00,2968898
92.1,30.9,92.1,57.0,2026-06-17 16:20:00,2968898
91.1,32.5,91.4,57.5,2026-06-17 16:40:00,2968898
92.0,33.1,93.0,58.8,2026-06-17 17:00:00,2968898
91.9,31.3,91.9,57.2,2026-06-17 17:20:00,2968898
91.9,30.4,91.8,56.4,2026-06-17 17:40:00,2968898
92.0,32.2,92.7,58.1,2026-06-17 18:00:00,2968898
92.1,32.2,92.8,58.2,2026-06-17 18:20:00,2968898
91.3,31.9,91.6,57.3,2026-06-17 18:40:00,2968898
91.0,32.6,91.2,57.6,2026-06-17 19:00:00,2968898
90.0,33.5,90.1,57.5,2026-06-17 19:20:00,2968898
89.5,37.2,90.7,60.0,2026-06-17 19:40:00,2968898
88.7,40.7,90.7,61.8,2026-06-17 20:00:00,2968898
87.8,42.6,89.6,62.2,2026-06-17 20:20:00,2968898
86.8,44.5,88.5,62.6,2026-06-17 20:40:00,2968898
86.2,45.9,88.2,62.9,2026-06-17 21:00:00,2968898
85.0,48.3,86.9,63.2,2026-06-17 21:20:00,2968898
84.0,51.9,86.0,64.4,2026-06-17 21:40:00,2968898
84.2,55.0,87.6,66.3,2026-06-17 22:00:00,2968898
83.8,57.0,87.1,66.9,2026-06-17 22:20:00,2968898
82.4,62.3,86.0,68.2,2026-06-17 22:40:00,2968898
82.0,63.9,85.3,68.6,2026-06-17 23:00:00,2968898
81.6,64.7,84.9,68.5,2026-06-17 23:20:00,2968898
81.0,66.4,84.6,68.7,2026-06-17 23:40:00,2968898
80.5,66.6,83.7,68.3,2026-06-18 00:00:00,2968898
80.6,65.6,83.5,68.0,2026-06-18 00:20:00,2968898
80.6,64.5,83.1,67.5,2026-06-18 00:40:00,2968898
80.4,64.2,82.9,67.2,2026-06-18 01:00:00,2968898
79.2,66.9,81.7,67.3,2026-06-18 01:20:00,2968898
79.9,64.7,82.0,66.9,2026-06-18 01:40:00,2968898
79.2,65.5,81.3,66.6,2026-06-18 02:00:00,2968898
78.5,67.0,80.4,66.7,2026-06-18 02:20:00,2968898
78.3,67.6,80.2,66.7,2026-06-18 02:40:00,2968898
77.7,68.7,79.5,66.6,2026-06-18 03:00:00,2968898
77.5,70.0,79.0,66.9,2026-06-18 03:20:00,2968898
77.7,71.7,79.9,67.8,2026-06-18 03:40:00,2968898
78.0,73.5,80.6,68.8,2026-06-18 04:00:00,2968898
77.8,75.5,80.6,69.5,2026-06-18 04:20:00,2968898
77.5,77.7,80.1,69.9,2026-06-18 04:40:00,2968898
77.2,78.9,80.1,70.2,2026-06-18 05:00:00,2968898
76.9,79.9,79.5,70.2,2026-06-18 05:20:00,2968898
76.8,80.7,79.3,70.4,2026-06-18 05:40:00,2968898
76.5,81.6,79.0,70.5,2026-06-18 06:00:00,2968898
76.4,82.2,78.8,70.6,2026-06-18 06:20:00,2968898
76.6,82.4,79.5,70.8,2026-06-18 06:40:00,2968898
77.0,82.0,80.2,71.1,2026-06-18 07:00:00,2968898
77.5,80.7,80.8,71.1,2026-06-18 07:20:00,2968898
78.0,80.0,81.7,71.3,2026-06-18 07:40:00,2968898
78.4,78.7,82.2,71.3,2026-06-18 08:00:00,2968898
80.4,76.4,85.5,72.3,2026-06-18 08:20:00,2968898
84.0,69.2,91.2,72.8,2026-06-18 08:40:00,2968898
81.5,71.8,86.4,71.5,2026-06-18 09:00:00,2968898
83.1,69.4,89.1,72.0,2026-06-18 09:20:00,2968898
83.4,67.2,89.2,71.4,2026-06-18 09:40:00,2968898
84.1,68.0,91.2,72.4,2026-06-18 10:00:00,2968898
84.6,65.7,91.6,71.8,2026-06-18 10:20:00,2968898
85.5,64.9,93.4,72.3,2026-06-18 10:40:00,2968898
88.0,61.8,97.5,73.2,2026-06-18 11:00:00,2968898
89.4,57.9,99.0,72.6,2026-06-18 11:20:00,2968898
91.9,56.2,104.5,74.1,2026-06-18 11:40:00,2968898
90.4,54.8,100.0,71.9,2026-06-18 12:00:00,2968898
91.0,53.9,100.9,72.0,2026-06-18 12:20:00,2968898
93.4,51.7,104.9,72.9,2026-06-18 12:40:00,2968898
93.9,49.6,105.3,72.2,2026-06-18 13:00:00,2968898
94.1,48.6,104.9,71.8,2026-06-18 13:20:00,2968898
95.3,46.9,106.5,71.8,2026-06-18 13:40:00,2968898
95.6,46.5,106.9,71.8,2026-06-18 14:00:00,2968898
95.7,46.1,107.1,71.7,2026-06-18 14:20:00,2968898
96.1,44.5,106.7,71.0,2026-06-18 14:40:00,2968898
96.6,43.3,106.7,70.6,2026-06-18 15:00:00,2968898
95.4,44.2,104.9,70.2,2026-06-18 15:20:00,2968898
90.4,46.7,96.1,67.2,2026-06-18 15:40:00,2968898
83.0,60.9,86.7,68.1,2026-06-18 16:00:00,2968898
82.5,64.2,86.5,69.2,2026-06-18 16:20:00,2968898
84.2,63.3,90.0,70.4,2026-06-18 16:40:00,2968898
85.0,61.8,91.0,70.4,2026-06-18 17:00:00,2968898
86.0,61.2,93.0,71.1,2026-06-18 17:20:00,2968898
86.1,60.7,92.8,70.9,2026-06-18 17:40:00,2968898
87.0,58.9,94.1,70.8,2026-06-18 18:00:00,2968898
87.5,58.1,94.8,70.9,2026-06-18 18:20:00,2968898
88.0,57.6,95.7,71.2,2026-06-18 18:40:00,2968898
88.0,58.1,95.9,71.5,2026-06-18 19:00:00,2968898
87.3,60.5,95.4,72.0,2026-06-18 19:20:00,2968898
86.7,62.7,95.2,72.5,2026-06-18 19:40:00,2968898
86.0,65.0,94.6,72.9,2026-06-18 20:00:00,2968898
85.5,65.7,93.7,72.7,2026-06-18 20:20:00,2968898
84.4,67.5,91.9,72.5,2026-06-18 20:40:00,2968898
83.8,71.1,91.4,73.4,2026-06-18 21:00:00,2968898
80.7,80.1,87.1,74.0,2026-06-18 21:20:00,2968898
77.4,89.0,82.0,73.9,2026-06-18 21:40:00,2968898
75.5,91.4,78.8,72.8,2026-06-18 22:00:00,2968898
74.9,93.2,78.3,72.8,2026-06-18 22:20:00,2968898
74.5,93.7,77.7,72.6,2026-06-18 22:40:00,2968898
74.3,94.4,77.7,72.6,2026-06-18 23:00:00,2968898
74.2,94.6,77.4,72.6,2026-06-18 23:20:00,2968898
73.8,94.8,76.8,72.3,2026-06-18 23:40:00,2968898
73.7,95.2,76.8,72.2,2026-06-19 00:00:00,2968898
73.8,95.6,77.0,72.5,2026-06-19 00:20:00,2968898
73.8,95.8,77.0,72.6,2026-06-19 00:40:00,2968898
73.9,95.9,77.0,72.6,2026-06-19 01:00:00,2968898
73.8,96.0,77.0,72.6,2026-06-19 01:20:00,2968898
73.5,95.7,76.5,72.1,2026-06-19 01:40:00,2968898
73.3,95.1,76.3,71.8,2026-06-19 02:00:00,2968898
73.2,94.8,76.1,71.7,2026-06-19 02:20:00,2968898
73.1,94.7,75.9,71.4,2026-06-19 02:40:00,2968898
73.0,94.8,75.6,71.4,2026-06-19 03:00:00,2968898
73.0,95.2,75.7,71.5,2026-06-19 03:20:00,2968898
72.9,95.5,75.7,71.5,2026-06-19 03:40:00,2968898
73.0,95.7,75.7,71.7,2026-06-19 04:00:00,2968898
73.0,95.7,75.7,71.6,2026-06-19 04:20:00,2968898
72.4,95.1,74.8,70.9,2026-06-19 04:40:00,2968898
72.1,95.5,74.5,70.7,2026-06-19 05:00:00,2968898
71.7,95.5,73.9,70.3,2026-06-19 05:20:00,2968898
71.5,95.9,73.6,70.2,2026-06-19 05:40:00,2968898
71.1,96.0,73.0,69.9,2026-06-19 06:00:00,2968898
70.8,96.2,72.7,69.7,2026-06-19 06:20:00,2968898
70.9,96.5,72.9,69.9,2026-06-19 06:40:00,2968898
71.0,96.8,72.9,70.0,2026-06-19 07:00:00,2968898
71.2,97.0,73.0,70.2,2026-06-19 07:20:00,2968898
71.4,97.1,73.4,70.5,2026-06-19 07:40:00,2968898
71.6,97.2,73.6,70.7,2026-06-19 08:00:00,2968898
71.7,97.3,73.9,70.8,2026-06-19 08:20:00,2968898
72.1,97.4,74.5,71.3,2026-06-19 08:40:00,2968898
72.6,97.5,75.2,71.8,2026-06-19 09:00:00,2968898
72.8,97.5,75.6,72.0,2026-06-19 09:20:00,2968898
73.1,97.5,76.3,72.3,2026-06-19 09:40:00,2968898
73.2,97.4,76.3,72.4,2026-06-19 10:00:00,2968898
73.8,96.8,77.0,72.9,2026-06-19 10:20:00,2968898
74.5,96.0,78.1,73.3,2026-06-19 10:40:00,2968898
75.3,94.4,79.0,73.6,2026-06-19 11:00:00,2968898
76.9,92.0,81.1,74.4,2026-06-19 11:20:00,2968898
78.0,89.5,83.3,74.6,2026-06-19 11:40:00,2968898
78.4,86.3,83.5,74.0,2026-06-19 12:00:00,2968898
80.1,84.4,87.1,75.0,2026-06-19 12:20:00,2968898
82.5,78.8,90.5,75.3,2026-06-19 12:40:00,2968898
82.8,74.9,90.1,74.0,2026-06-19 13:00:00,2968898
83.0,73.7,90.3,73.7,2026-06-19 13:20:00,2968898
84.2,69.2,92.1,73.1,2026-06-19 13:40:00,2968898
84.2,68.1,91.6,72.5,2026-06-19 14:00:00,2968898
84.7,66.1,91.8,72.1,2026-06-19 14:20:00,2968898
86.5,58.7,93.0,70.3,2026-06-19 14:40:00,2968898
86.7,59.6,93.6,71.0,2026-06-19 15:00:00,2968898
85.8,60.2,92.3,70.4,2026-06-19 15:20:00,2968898
86.3,60.4,93.2,71.0,2026-06-19 15:40:00,2968898
86.1,58.6,92.1,69.9,2026-06-19 16:00:00,2968898
86.8,49.1,90.1,65.4,2026-06-19 16:20:00,2968898
87.3,48.1,90.7,65.3,2026-06-19 16:40:00,2968898
86.6,46.2,88.9,63.5,2026-06-19 17:00:00,2968898
85.5,44.8,86.7,61.6,2026-06-19 17:20:00,2968898
86.1,47.5,88.3,63.8,2026-06-19 17:40:00,2968898
86.2,44.4,87.6,62.0,2026-06-19 18:00:00,2968898
85.6,46.2,87.1,62.5,2026-06-19 18:20:00,2968898
85.7,44.8,86.9,61.8,2026-06-19 18:40:00,2968898
85.1,44.1,86.0,60.8,2026-06-19 19:00:00,2968898
84.1,45.6,84.6,60.9,2026-06-19 19:20:00,2968898
83.2,46.8,83.5,60.8,2026-06-19 19:40:00,2968898
82.5,49.5,82.9,61.7,2026-06-19 20:00:00,2968898
81.6,49.5,81.7,60.9,2026-06-19 20:20:00,2968898
80.4,49.4,80.1,59.7,2026-06-19 20:40:00,2968898
78.8,50.5,78.1,58.8,2026-06-19 21:00:00,2968898
77.5,52.3,76.6,58.6,2026-06-19 21:20:00,2968898
76.6,53.9,75.7,58.6,2026-06-19 21:40:00,2968898
75.6,55.0,75.0,58.3,2026-06-19 22:00:00,2968898
74.4,57.0,73.9,58.2,2026-06-19 22:20:00,2968898
73.3,57.9,73.0,57.7,2026-06-19 22:40:00,2968898
72.7,58.4,72.5,57.3,2026-06-19 23:00:00,2968898
72.1,59.5,71.8,57.2,2026-06-19 23:20:00,2968898
71.4,59.9,71.1,56.8,2026-06-19 23:40:00,2968898
71.4,60.6,71.2,57.1,2026-06-20 00:00:00,2968898
71.3,60.8,71.2,57.1,2026-06-20 00:20:00,2968898
70.4,62.5,70.3,57.0,2026-06-20 00:40:00,2968898
70.0,62.5,69.8,56.6,2026-06-20 01:00:00,2968898
69.1,63.3,68.4,56.1,2026-06-20 01:20:00,2968898
68.0,65.6,67.1,56.0,2026-06-20 01:40:00,2968898
67.3,66.3,66.4,55.7,2026-06-20 02:00:00,2968898
66.9,67.0,66.0,55.6,2026-06-20 02:20:00,2968898
65.7,70.9,64.6,56.0,2026-06-20 02:40:00,2968898
65.6,70.9,64.4,55.9,2026-06-20 03:00:00,2968898
65.7,71.3,64.6,56.1,2026-06-20 03:20:00,2968898
65.4,72.0,64.2,56.2,2026-06-20 03:40:00,2968898
64.6,74.6,63.5,56.3,2026-06-20 04:00:00,2968898
63.7,76.8,63.0,56.3,2026-06-20 04:20:00,2968898
63.1,79.2,62.6,56.6,2026-06-20 04:40:00,2968898
62.8,79.0,62.4,56.2,2026-06-20 05:00:00,2968898
61.8,82.0,61.5,56.3,2026-06-20 05:20:00,2968898
61.0,84.2,61.0,56.2,2026-06-20 05:40:00,2968898
60.7,85.6,60.6,56.4,2026-06-20 06:00:00,2968898
60.9,86.2,60.8,56.7,2026-06-20 06:20:00,2968898
61.2,86.9,61.3,57.3,2026-06-20 06:40:00,2968898
62.5,85.9,62.4,58.2,2026-06-20 07:00:00,2968898
65.0,82.3,64.8,59.5,2026-06-20 07:20:00,2968898
73.8,66.5,74.3,61.9,2026-06-20 07:40:00,2968898
79.2,54.7,79.5,61.5,2026-06-20 08:00:00,2968898
82.0,50.1,82.6,61.6,2026-06-20 08:20:00,2968898
83.8,48.8,84.9,62.5,2026-06-20 08:40:00,2968898
85.2,45.8,86.4,62.0,2026-06-20 09:00:00,2968898
86.2,43.6,87.4,61.5,2026-06-20 09:20:00,2968898
87.8,41.1,89.2,61.2,2026-06-20 09:40:00,2968898
85.9,40.6,86.2,59.2,2026-06-20 10:00:00,2968898
83.6,41.9,82.9,58.0,2026-06-20 10:20:00,2968898
83.8,41.1,83.1,57.6,2026-06-20 10:40:00,2968898
84.6,38.5,83.8,56.5,2026-06-20 11:00:00,2968898
85.3,36.4,84.2,55.7,2026-06-20 11:20:00,2968898
86.0,35.2,84.7,55.3,2026-06-20 11:40:00,2968898
87.7,30.7,85.8,53.1,2026-06-20 12:00:00,2968898
87.3,32.1,85.8,53.9,2026-06-20 12:20:00,2968898
86.3,32.9,84.6,53.7,2026-06-20 12:40:00,2968898
86.9,31.6,85.1,53.2,2026-06-20 13:00:00,2968898
86.5,31.8,84.6,53.0,2026-06-20 13:20:00,2968898
87.4,33.1,86.0,54.8,2026-06-20 13:40:00,2968898
86.2,33.4,84.7,54.1,2026-06-20 14:00:00,2968898
87.2,33.6,86.0,55.1,2026-06-20 14:20:00,2968898
88.0,32.4,86.9,54.8,2026-06-20 14:40:00,2968898
88.6,32.4,87.4,55.3,2026-06-20 15:00:00,2968898
88.6,30.2,86.9,53.4,2026-06-20 15:20:00,2968898
88.3,30.6,86.5,53.5,2026-06-20 15:40:00,2968898
88.2,31.6,86.7,54.3,2026-06-20 16:00:00,2968898
88.2,31.4,86.7,54.1,2026-06-20 16:20:00,2968898
88.5,30.2,86.5,53.3,2026-06-20 16:40:00,2968898
88.5,29.7,86.4,52.9,2026-06-20 17:00:00,2968898
88.7,30.8,87.3,54.0,2026-06-20 17:20:00,2968898
88.7,30.8,87.3,54.1,2026-06-20 17:40:00,2968898
88.2,31.9,86.9,54.6,2026-06-20 18:00:00,2968898
88.2,32.8,87.1,55.3,2026-06-20 18:20:00,2968898
87.5,33.4,86.4,55.2,2026-06-20 18:40:00,2968898
87.2,34.4,86.2,55.7,2026-06-20 19:00:00,2968898
86.3,35.0,85.1,55.5,2026-06-20 19:20:00,2968898
85.3,36.2,84.2,55.5,2026-06-20 19:40:00,2968898
83.9,38.7,82.8,56.0,2026-06-20 20:00:00,2968898
82.5,42.7,81.5,57.6,2026-06-20 20:20:00,2968898
80.8,45.6,80.1,57.9,2026-06-20 20:40:00,2968898
79.9,47.1,79.2,57.9,2026-06-20 21:00:00,2968898
79.5,48.5,78.8,58.3,2026-06-20 21:20:00,2968898
79.2,48.0,78.4,57.8,2026-06-20 21:40:00,2968898
78.7,48.2,77.7,57.5,2026-06-20 22:00:00,2968898
78.5,49.2,77.7,57.9,2026-06-20 22:20:00,2968898
78.4,48.6,77.4,57.5,2026-06-20 22:40:00,2968898
78.0,48.4,77.0,56.9,2026-06-20 23:00:00,2968898
77.2,50.2,76.3,57.2,2026-06-20 23:20:00,2968898
76.8,49.8,75.4,56.6,2026-06-20 23:40:00,2968898
76.6,49.9,75.2,56.5,2026-06-21 00:00:00,2968898
76.6,50.3,75.4,56.8,2026-06-21 00:20:00,2968898
76.8,50.5,75.7,57.1,2026-06-21 00:40:00,2968898
76.5,51.3,75.4,57.2,2026-06-21 01:00:00,2968898
75.6,53.2,74.7,57.3,2026-06-21 01:20:00,2968898
74.9,54.5,74.1,57.4,2026-06-21 01:40:00,2968898
74.5,55.7,73.9,57.7,2026-06-21 02:00:00,2968898
74.0,57.0,73.6,57.8,2026-06-21 02:20:00,2968898
73.3,59.2,73.0,58.2,2026-06-21 02:40:00,2968898
72.6,61.8,72.7,58.7,2026-06-21 03:00:00,2968898
71.7,66.0,72.1,59.7,2026-06-21 03:20:00,2968898
70.9,68.0,71.4,59.8,2026-06-21 03:40:00,2968898
69.8,71.2,69.8,60.0,2026-06-21 04:00:00,2968898
68.9,72.8,68.9,59.8,2026-06-21 04:20:00,2968898
68.5,74.0,68.4,59.8,2026-06-21 04:40:00,2968898
68.3,75.1,68.4,60.0,2026-06-21 05:00:00,2968898
67.9,76.1,68.0,60.2,2026-06-21 05:20:00,2968898
67.3,77.5,67.3,60.1,2026-06-21 05:40:00,2968898
66.6,80.5,66.6,60.4,2026-06-21 06:00:00,2968898
66.5,81.4,66.6,60.6,2026-06-21 06:20:00,2968898
66.5,82.6,66.7,61.1,2026-06-21 06:40:00,2968898
67.0,83.1,67.3,61.7,2026-06-21 07:00:00,2968898
69.5,81.9,70.3,63.7,2026-06-21 07:20:00,2968898
74.2,74.9,75.4,65.7,2026-06-21 07:40:00,2968898
77.9,68.2,79.5,66.5,2026-06-21 08:00:00,2968898
82.4,61.4,85.5,67.7,2026-06-21 08:20:00,2968898
85.9,55.1,90.7,67.9,2026-06-21 08:40:00,2968898
87.6,49.8,91.6,66.5,2026-06-21 09:00:00,2968898
90.4,47.3,96.4,67.6,2026-06-21 09:20:00,2968898
89.9,46.9,95.0,66.9,2026-06-21 09:40:00,2968898
88.2,45.3,91.0,64.4,2026-06-21 10:00:00,2968898
88.5,45.3,91.8,64.7,2026-06-21 10:20:00,2968898
88.2,40.0,89.4,60.9,2026-06-21 10:40:00,2968898
89.8,40.0,92.3,62.3,2026-06-21 11:00:00,2968898
90.3,40.0,93.4,62.7,2026-06-21 11:20:00,2968898
91.1,39.7,94.5,63.2,2026-06-21 11:40:00,2968898
92.1,38.0,95.5,62.8,2026-06-21 12:00:00,2968898
89.9,37.5,91.2,60.5,2026-06-21 12:20:00,2968898
91.7,39.2,95.2,63.3,2026-06-21 12:40:00,2968898
90.5,37.5,92.3,61.1,2026-06-21 13:00:00,2968898
91.3,37.2,93.7,61.6,2026-06-21 13:20:00,2968898
91.1,37.0,93.4,61.2,2026-06-21 13:40:00,2968898
92.4,33.7,93.9,59.7,2026-06-21 14:00:00,2968898
92.9,34.2,95.0,60.5,2026-06-21 14:20:00,2968898
92.8,33.6,94.5,60.0,2026-06-21 14:40:00,2968898
91.4,35.3,93.2,60.1,2026-06-21 15:00:00,2968898
91.0,37.0,93.0,61.1,2026-06-21 15:20:00,2968898
92.9,38.9,97.2,64.2,2026-06-21 15:40:00,2968898
93.4,34.7,95.7,61.4,2026-06-21 16:00:00,2968898
91.9,36.6,94.6,61.7,2026-06-21 16:20:00,2968898
91.6,37.8,94.5,62.2,2026-06-21 16:40:00,2968898
93.6,36.2,97.2,62.8,2026-06-21 17:00:00,2968898
92.9,36.6,96.1,62.5,2026-06-21 17:20:00,2968898
92.3,36.3,95.0,61.8,2026-06-21 17:40:00,2968898
91.3,37.9,93.9,62.0,2026-06-21 18:00:00,2968898
91.3,38.6,94.1,62.6,2026-06-21 18:20:00,2968898
90.4,40.0,93.4,62.9,2026-06-21 18:40:00,2968898
90.1,41.1,93.4,63.3,2026-06-21 19:00:00,2968898
89.6,41.4,92.1,63.0,2026-06-21 19:20:00,2968898
88.5,43.4,90.9,63.4,2026-06-21 19:40:00,2968898
87.3,45.5,89.8,63.7,2026-06-21 20:00:00,2968898
87.5,45.4,90.0,63.9,2026-06-21 20:20:00,2968898
87.6,45.9,90.3,64.2,2026-06-21 20:40:00,2968898
87.5,45.3,90.0,63.8,2026-06-21 21:00:00,2968898
86.7,45.6,88.7,63.2,2026-06-21 21:20:00,2968898
85.7,46.9,87.6,63.1,2026-06-21 21:40:00,2968898
84.8,48.4,86.5,63.2,2026-06-21 22:00:00,2968898
83.8,50.0,85.1,63.2,2026-06-21 22:20:00,2968898
83.0,50.8,84.2,63.0,2026-06-21 22:40:00,2968898
82.0,52.4,82.8,62.8,2026-06-21 23:00:00,2968898
81.0,54.5,82.0,63.0,2026-06-21 23:20:00,2968898
81.0,55.9,82.2,63.8,2026-06-21 23:40:00,2968898
81.0,58.0,82.6,64.8,2026-06-22 00:00:00,2968898
80.8,61.1,82.9,66.2,2026-06-22 00:20:00,2968898
80.1,63.8,82.4,66.8,2026-06-22 00:40:00,2968898
79.5,66.6,81.9,67.4,2026-06-22 01:00:00,2968898
79.0,67.4,81.3,67.3,2026-06-22 01:20:00,2968898
78.4,69.5,80.6,67.6,2026-06-22 01:40:00,2968898
77.9,72.0,79.9,68.1,2026-06-22 02:00:00,2968898
77.3,74.0,79.3,68.4,2026-06-22 02:20:00,2968898
77.0,75.6,78.8,68.7,2026-06-22 02:40:00,2968898
76.5,77.2,78.4,68.8,2026-06-22 03:00:00,2968898
75.6,79.1,77.5,68.7,2026-06-22 03:20:00,2968898
74.9,81.0,77.0,68.7,2026-06-22 03:40:00,2968898
74.5,82.6,76.6,68.9,2026-06-22 04:00:00,2968898
74.2,84.3,76.3,69.2,2026-06-22 04:20:00,2968898
73.8,85.5,75.9,69.2,2026-06-22 04:40:00,2968898
73.4,86.9,75.7,69.3,2026-06-22 05:00:00,2968898
72.9,87.8,75.0,69.0,2026-06-22 05:20:00,2968898
72.3,89.0,74.1,68.9,2026-06-22 05:40:00,2968898
72.0,89.7,73.9,68.8,2026-06-22 06:00:00,2968898
71.7,90.3,73.6,68.7,2026-06-22 06:20:00,2968898
71.7,91.2,73.6,69.0,2026-06-22 06:40:00,2968898
72.7,91.7,75.2,70.1,2026-06-22 07:00:00,2968898
75.0,90.3,77.9,71.9,2026-06-22 07:20:00,2968898
80.4,80.6,86.9,73.9,2026-06-22 07:40:00,2968898
83.9,74.0,92.8,74.8,2026-06-22 08:00:00,2968898
85.7,68.7,95.2,74.2,2026-06-22 08:20:00,2968898
87.0,65.3,96.8,73.9,2026-06-22 08:40:00,2968898
89.3,64.7,102.4,75.8,2026-06-22 09:00:00,2968898
88.6,62.1,99.0,74.0,2026-06-22 09:20:00,2968898
89.8,61.1,101.8,74.6,2026-06-22 09:40:00,2968898
88.4,62.2,98.6,73.8,2026-06-22 10:00:00,2968898
87.5,62.9,96.8,73.3,2026-06-22 10:20:00,2968898
88.5,63.2,99.1,74.4,2026-06-22 10:40:00,2968898
89.5,60.6,100.6,74.0,2026-06-22 11:00:00,2968898
90.2,56.9,100.8,72.9,2026-06-22 11:20:00,2968898
91.6,56.2,103.8,73.8,2026-06-22 11:40:00,2968898
91.0,53.3,100.6,71.6,2026-06-22 12:00:00,2968898
91.6,54.4,102.7,72.9,2026-06-22 12:20:00,2968898
91.8,53.1,102.4,72.2,2026-06-22 12:40:00,2968898
91.0,46.3,97.0,67.5,2026-06-13 12:40:00,2558028
92.1,44.6,98.4,67.5,2026-06-13 13:00:00,2558028
93.6,43.6,100.9,68.2,2026-06-13 13:20:00,2558028
94.1,42.6,101.5,67.9,2026-06-13 13:40:00,2558028
95.5,42.0,103.8,68.8,2026-06-13 14:00:00,2558028
93.9,41.6,100.2,67.0,2026-06-13 14:20:00,2558028
92.8,45.3,100.0,68.5,2026-06-13 14:40:00,2558028
93.9,41.3,100.4,66.8,2026-06-13 15:00:00,2558028
95.4,41.9,103.6,68.5,2026-06-13 15:20:00,2558028
94.4,41.0,100.9,67.1,2026-06-13 15:40:00,2558028
95.8,39.3,103.1,67.1,2026-06-13 16:00:00,2558028
93.8,39.9,99.3,65.7,2026-06-13 16:20:00,2558028
94.0,39.0,99.1,65.3,2026-06-13 16:40:00,2558028
96.9,38.3,104.4,67.3,2026-06-13 17:00:00,2558028
97.3,37.0,104.4,66.6,2026-06-13 17:20:00,2558028
96.6,36.6,103.1,65.8,2026-06-13 17:40:00,2558028
94.6,39.2,100.4,66.0,2026-06-13 18:00:00,2558028
93.5,40.3,98.8,65.8,2026-06-13 18:20:00,2558028
93.3,40.9,98.8,66.0,2026-06-13 18:40:00,2558028
92.8,41.1,98.1,65.7,2026-06-13 19:00:00,2558028
92.2,42.4,97.5,66.1,2026-06-13 19:20:00,2558028
91.5,43.2,96.4,65.9,2026-06-13 19:40:00,2558028
91.1,44.0,96.3,66.2,2026-06-13 20:00:00,2558028
90.4,44.8,95.2,66.0,2026-06-13 20:20:00,2558028
89.7,45.8,94.1,66.0,2026-06-13 20:40:00,2558028
88.9,46.9,93.2,66.0,2026-06-13 21:00:00,2558028
87.2,49.3,90.9,65.9,2026-06-13 21:20:00,2558028
83.7,55.8,86.7,66.2,2026-06-13 21:40:00,2558028
82.5,59.5,85.3,67.0,2026-06-13 22:00:00,2558028
81.7,62.1,84.7,67.5,2026-06-13 22:20:00,2558028
80.8,64.4,83.8,67.7,2026-06-13 22:40:00,2558028
80.9,63.0,83.5,67.1,2026-06-13 23:00:00,2558028
80.4,63.5,82.6,66.8,2026-06-13 23:20:00,2558028
80.4,62.6,82.4,66.5,2026-06-13 23:40:00,2558028
80.0,63.1,82.0,66.3,2026-06-14 00:00:00,2558028
79.8,63.8,81.9,66.4,2026-06-14 00:20:00,2558028
79.5,64.4,81.5,66.4,2026-06-14 00:40:00,2558028
79.3,65.0,81.3,66.5,2026-06-14 01:00:00,2558028
78.2,66.5,79.7,66.1,2026-06-14 01:20:00,2558028
77.2,69.3,78.6,66.4,2026-06-14 01:40:00,2558028
76.1,71.6,77.2,66.3,2026-06-14 02:00:00,2558028
75.7,73.3,76.8,66.6,2026-06-14 02:20:00,2558028
75.6,74.2,77.0,66.8,2026-06-14 02:40:00,2558028
75.3,75.3,76.8,66.9,2026-06-14 03:00:00,2558028
74.9,76.2,76.3,66.9,2026-06-14 03:20:00,2558028
74.6,77.7,76.1,67.2,2026-06-14 03:40:00,2558028
74.3,78.5,75.7,67.2,2026-06-14 04:00:00,2558028
74.0,79.3,75.7,67.2,2026-06-14 04:20:00,2558028
73.9,80.0,75.6,67.3,2026-06-14 04:40:00,2558028
73.7,80.4,75.4,67.3,2026-06-14 05:00:00,2558028
73.4,81.0,75.0,67.2,2026-06-14 05:20:00,2558028
73.1,81.7,74.7,67.1,2026-06-14 05:40:00,2558028
73.0,82.2,74.7,67.2,2026-06-14 06:00:00,2558028
73.1,82.3,74.8,67.4,2026-06-14 06:20:00,2558028
73.2,82.3,74.8,67.5,2026-06-14 06:40:00,2558028
73.7,82.0,75.6,67.8,2026-06-14 07:00:00,2558028
74.9,80.3,76.8,68.5,2026-06-14 07:20:00,2558028
75.7,78.6,77.5,68.6,2026-06-14 07:40:00,2558028
76.7,77.0,78.6,68.9,2026-06-14 08:00:00,2558028
78.3,74.5,81.3,69.5,2026-06-14 08:20:00,2558028
79.8,71.0,83.5,69.5,2026-06-14 08:40:00,2558028
81.6,68.9,86.0,70.3,2026-06-14 09:00:00,2558028
82.6,65.1,87.1,69.7,2026-06-14 09:20:00,2558028
83.9,62.8,89.2,69.9,2026-06-14 09:40:00,2558028
85.3,59.7,91.0,69.7,2026-06-14 10:00:00,2558028
87.5,57.2,94.5,70.4,2026-06-14 10:20:00,2558028
88.2,54.5,94.8,69.7,2026-06-14 10:40:00,2558028
90.2,52.6,98.6,70.5,2026-06-14 11:00:00,2558028
91.4,49.9,99.5,70.1,2026-06-14 11:20:00,2558028
93.1,47.0,101.7,69.9,2026-06-14 11:40:00,2558028
94.0,45.9,102.9,70.0,2026-06-14 12:00:00,2558028
94.4,42.9,101.8,68.3,2026-06-14 12:20:00,2558028
95.7,43.6,105.6,70.1,2026-06-14 12:40:00,2558028
95.8,45.0,106.3,71.0,2026-06-14 13:00:00,2558028
91.8,46.8,99.0,68.5,2026-06-14 13:20:00,2558028
93.8,44.9,101.8,69.2,2026-06-14 13:40:00,2558028
93.8,45.1,102.0,69.4,2026-06-14 14:00:00,2558028
95.9,42.8,105.3,69.7,2026-06-14 14:20:00,2558028
96.3,38.9,103.8,67.2,2026-06-14 14:40:00,2558028
96.2,38.1,102.9,66.5,2026-06-14 15:00:00,2558028
97.4,37.6,105.1,67.2,2026-06-14 15:20:00,2558028
97.1,37.2,104.2,66.7,2026-06-14 15:40:00,2558028
98.1,36.3,105.6,66.8,2026-06-14 16:00:00,2558028
97.9,36.4,105.3,66.7,2026-06-14 16:20:00,2558028
96.9,36.8,103.5,66.1,2026-06-14 16:40:00,2558028
96.4,38.0,103.3,66.6,2026-06-14 17:00:00,2558028
95.9,38.0,102.6,66.2,2026-06-14 17:20:00,2558028
95.9,37.4,102.2,65.8,2026-06-14 17:40:00,2558028
95.7,35.8,100.9,64.4,2026-06-14 18:00:00,2558028
89.4,44.4,92.8,64.9,2026-06-14 18:20:00,2558028
87.7,48.0,91.2,65.6,2026-06-14 18:40:00,2558028
86.4,50.7,90.1,65.9,2026-06-14 19:00:00,2558028
85.8,54.0,90.1,67.3,2026-06-14 19:20:00,2558028
85.2,55.1,89.4,67.3,2026-06-14 19:40:00,2558028
84.6,57.1,88.9,67.7,2026-06-14 20:00:00,2558028
83.9,58.9,88.0,68.0,2026-06-14 20:20:00,2558028
83.2,61.3,87.1,68.5,2026-06-14 20:40:00,2558028
82.6,62.8,86.0,68.6,2026-06-14 21:00:00,2558028
81.9,63.2,85.1,68.2,2026-06-14 21:20:00,2558028
81.8,63.6,85.1,68.2,2026-06-14 21:40:00,2558028
81.4,65.5,84.7,68.7,2026-06-14 22:00:00,2558028
81.0,67.3,84.7,69.2,2026-06-14 22:20:00,2558028
81.0,67.1,84.7,69.1,2026-06-14 22:40:00,2558028
80.9,66.8,84.2,68.9,2026-06-14 23:00:00,2558028
80.9,66.5,84.2,68.7,2026-06-14 23:20:00,2558028
80.8,66.6,84.2,68.7,2026-06-14 23:40:00,2558028
80.5,67.0,83.8,68.6,2026-06-15 00:00:00,2558028
80.3,67.5,83.5,68.5,2026-06-15 00:20:00,2558028
80.2,67.8,83.3,68.6,2026-06-15 00:40:00,2558028
80.0,67.9,83.1,68.5,2026-06-15 01:00:00,2558028
80.2,67.5,83.3,68.5,2026-06-15 01:20:00,2558028
80.1,67.6,83.3,68.4,2026-06-15 01:40:00,2558028
80.0,67.9,83.1,68.5,2026-06-15 02:00:00,2558028
80.0,68.1,83.1,68.5,2026-06-15 02:20:00,2558028
79.8,68.6,82.8,68.6,2026-06-15 02:40:00,2558028
79.8,68.9,82.8,68.6,2026-06-15 03:00:00,2558028
79.6,69.1,82.8,68.6,2026-06-15 03:20:00,2558028
79.2,69.6,82.0,68.4,2026-06-15 03:40:00,2558028
78.6,70.4,81.0,68.1,2026-06-15 04:00:00,2558028
78.0,70.9,80.2,67.8,2026-06-15 04:20:00,2558028
77.4,71.3,79.2,67.4,2026-06-15 04:40:00,2558028
76.9,71.5,78.3,67.0,2026-06-15 05:00:00,2558028
76.8,69.1,78.1,65.9,2026-06-15 05:20:00,2558028
76.6,67.8,77.5,65.2,2026-06-15 05:40:00,2558028
76.5,67.5,77.2,64.9,2026-06-15 06:00:00,2558028
76.2,68.0,76.8,64.9,2026-06-15 06:20:00,2558028
76.2,67.1,76.6,64.5,2026-06-15 06:40:00,2558028
76.6,63.4,76.8,63.3,2026-06-15 07:00:00,2558028
76.4,60.7,76.3,61.8,2026-06-15 07:20:00,2558028
76.4,59.5,76.1,61.2,2026-06-15 07:40:00,2558028
76.0,57.8,75.6,60.0,2026-06-15 08:00:00,2558028
76.8,55.8,76.1,59.8,2026-06-15 08:20:00,2558028
77.0,52.7,76.3,58.4,2026-06-15 08:40:00,2558028
77.4,51.7,76.6,58.2,2026-06-15 09:00:00,2558028
77.0,48.7,75.7,56.2,2026-06-15 09:20:00,2558028
77.1,44.7,75.2,53.9,2026-06-15 09:40:00,2558028
78.5,45.7,77.2,55.8,2026-06-15 10:00:00,2558028
79.0,46.1,77.9,56.5,2026-06-15 10:20:00,2558028
79.1,43.7,77.5,55.1,2026-06-15 10:40:00,2558028
80.4,41.6,78.6,54.9,2026-06-15 11:00:00,2558028
83.0,41.3,82.0,57.1,2026-06-15 11:20:00,2558028
82.4,40.3,81.1,55.9,2026-06-15 11:40:00,2558028
82.9,39.7,81.5,55.9,2026-06-15 12:00:00,2558028
84.7,39.8,84.0,57.6,2026-06-15 12:20:00,2558028
84.4,36.4,82.9,54.8,2026-06-15 12:40:00,2558028
85.0,35.6,83.7,54.7,2026-06-15 13:00:00,2558028
87.8,36.2,87.6,57.7,2026-06-15 13:20:00,2558028
86.1,34.5,84.7,54.8,2026-06-15 13:40:00,2558028
86.3,34.8,85.1,55.3,2026-06-15 14:00:00,2558028
85.3,34.7,83.8,54.3,2026-06-15 14:20:00,2558028
86.9,31.6,85.1,53.2,2026-06-15 14:40:00,2558028
87.7,33.5,86.7,55.5,2026-06-15 15:00:00,2558028
87.6,31.4,86.0,53.6,2026-06-15 15:20:00,2558028
87.5,30.4,85.5,52.7,2026-06-15 15:40:00,2558028
88.1,30.8,86.4,53.5,2026-06-15 16:00:00,2558028
87.9,32.7,86.5,55.0,2026-06-15 16:20:00,2558028
88.4,32.0,87.3,54.8,2026-06-15 16:40:00,2558028
90.3,29.2,89.1,53.9,2026-06-15 17:00:00,2558028
90.7,27.3,89.1,52.4,2026-06-15 17:20:00,2558028
89.0,28.2,86.9,51.9,2026-06-15 17:40:00,2558028
85.9,31.3,83.8,52.0,2026-06-15 18:00:00,2558028
85.3,32.3,83.3,52.4,2026-06-15 18:20:00,2558028
84.9,33.2,83.1,52.8,2026-06-15 18:40:00,2558028
84.2,33.6,82.2,52.5,2026-06-15 19:00:00,2558028
83.7,34.2,81.7,52.5,2026-06-15 19:20:00,2558028
83.0,35.2,81.0,52.7,2026-06-15 19:40:00,2558028
82.2,36.0,80.2,52.7,2026-06-15 20:00:00,2558028
81.1,37.4,79.0,52.7,2026-06-15 20:20:00,2558028
79.7,39.0,77.7,52.6,2026-06-15 20:40:00,2558028
78.1,40.3,76.1,52.1,2026-06-15 21:00:00,2558028
76.9,41.8,74.8,51.9,2026-06-15 21:20:00,2558028
75.5,44.3,73.6,52.2,2026-06-15 21:40:00,2558028
74.8,44.5,73.0,51.8,2026-06-15 22:00:00,2558028
73.7,46.8,72.3,52.2,2026-06-15 22:20:00,2558028
72.7,48.4,71.6,52.1,2026-06-15 22:40:00,2558028
71.9,49.8,70.9,52.2,2026-06-15 23:00:00,2558028
71.3,51.2,70.5,52.3,2026-06-15 23:20:00,2558028
70.6,52.6,70.0,52.4,2026-06-15 23:40:00,2558028
70.0,52.9,69.3,52.1,2026-06-16 00:00:00,2558028
70.8,53.0,70.3,52.8,2026-06-16 00:20:00,2558028
70.4,53.7,69.8,52.8,2026-06-16 00:40:00,2558028
70.4,53.4,69.8,52.7,2026-06-16 01:00:00,2558028
70.4,53.6,69.8,52.8,2026-06-16 01:20:00,2558028
70.3,53.4,69.4,52.6,2026-06-16 01:40:00,2558028
70.1,54.0,69.3,52.6,2026-06-16 02:00:00,2558028
69.5,54.3,68.4,52.3,2026-06-16 02:20:00,2558028
69.6,53.7,68.7,52.1,2026-06-16 02:40:00,2558028
69.2,54.4,68.0,52.0,2026-06-16 03:00:00,2558028
68.7,55.0,67.3,51.9,2026-06-16 03:20:00,2558028
68.6,54.7,67.3,51.7,2026-06-16 03:40:00,2558028
67.9,55.9,66.4,51.7,2026-06-16 04:00:00,2558028
67.5,56.4,65.8,51.5,2026-06-16 04:20:00,2558028
67.1,57.2,65.3,51.5,2026-06-16 04:40:00,2558028
67.0,57.9,65.1,51.7,2026-06-16 05:00:00,2558028
66.9,58.2,65.1,51.8,2026-06-16 05:20:00,2558028
66.8,58.2,64.9,51.7,2026-06-16 05:40:00,2558028
66.6,58.4,64.8,51.6,2026-06-16 06:00:00,2558028
66.7,59.5,64.8,52.2,2026-06-16 06:20:00,2558028
67.4,59.3,65.8,52.8,2026-06-16 06:40:00,2558028
67.7,59.7,66.4,53.2,2026-06-16 07:00:00,2558028
68.2,59.1,67.1,53.4,2026-06-16 07:20:00,2558028
68.5,59.2,67.3,53.6,2026-06-16 07:40:00,2558028
68.9,59.2,68.0,54.1,2026-06-16 08:00:00,2558028
69.5,58.0,68.7,54.1,2026-06-16 08:20:00,2558028
69.6,57.3,68.9,53.9,2026-06-16 08:40:00,2558028
70.2,56.5,69.6,54.0,2026-06-16 09:00:00,2558028
71.0,56.6,70.5,54.8,2026-06-16 09:20:00,2558028
71.7,55.0,71.2,54.7,2026-06-16 09:40:00,2558028
72.4,52.5,71.6,54.0,2026-06-16 10:00:00,2558028
73.0,53.2,72.1,54.9,2026-06-16 10:20:00,2558028
75.0,51.0,73.8,55.6,2026-06-16 10:40:00,2558028
76.4,48.9,75.0,55.8,2026-06-16 11:00:00,2558028
77.2,47.5,75.9,55.7,2026-06-16 11:20:00,2558028
76.7,45.9,75.0,54.3,2026-06-16 11:40:00,2558028
78.6,46.3,77.2,56.3,2026-06-16 12:00:00,2558028
78.8,47.0,77.7,56.8,2026-06-16 12:20:00,2558028
78.5,47.7,77.5,57.0,2026-06-16 12:40:00,2558028
79.4,47.4,78.6,57.6,2026-06-16 13:00:00,2558028
80.4,45.5,79.3,57.4,2026-06-16 13:20:00,2558028
84.2,40.5,83.5,57.6,2026-06-16 13:40:00,2558028
81.3,39.7,79.5,54.5,2026-06-16 14:00:00,2558028
83.6,41.7,82.9,57.9,2026-06-16 14:20:00,2558028
83.4,38.4,82.0,55.5,2026-06-16 14:40:00,2558028
84.5,39.2,83.7,57.0,2026-06-16 15:00:00,2558028
84.3,39.6,83.5,57.1,2026-06-16 15:20:00,2558028
82.1,41.9,80.8,56.6,2026-06-16 15:40:00,2558028
83.7,41.1,83.1,57.5,2026-06-16 16:00:00,2558028
83.8,42.1,83.3,58.4,2026-06-16 16:20:00,2558028
83.6,42.7,83.1,58.5,2026-06-16 16:40:00,2558028
83.6,43.2,83.3,58.9,2026-06-16 17:00:00,2558028
83.1,43.9,82.6,58.9,2026-06-16 17:20:00,2558028
83.2,44.1,82.9,59.1,2026-06-16 17:40:00,2558028
82.6,43.5,81.7,58.1,2026-06-16 18:00:00,2558028
82.0,45.4,81.3,58.8,2026-06-16 18:20:00,2558028
81.6,47.2,81.3,59.5,2026-06-16 18:40:00,2558028
81.0,48.5,81.0,59.8,2026-06-16 19:00:00,2558028
80.9,48.7,80.6,59.8,2026-06-16 19:20:00,2558028
80.7,48.1,80.2,59.3,2026-06-16 19:40:00,2558028
80.4,48.9,79.9,59.4,2026-06-16 20:00:00,2558028
79.8,49.5,79.3,59.2,2026-06-16 20:20:00,2558028
79.2,50.9,79.0,59.5,2026-06-16 20:40:00,2558028
78.5,52.3,78.1,59.6,2026-06-16 21:00:00,2558028
77.6,53.3,77.0,59.3,2026-06-16 21:20:00,2558028
76.6,54.9,75.7,59.1,2026-06-16 21:40:00,2558028
76.4,55.1,75.7,59.1,2026-06-16 22:00:00,2558028
76.2,55.2,75.6,59.0,2026-06-16 22:20:00,2558028
75.8,56.0,75.2,59.0,2026-06-16 22:40:00,2558028
75.2,57.4,74.7,59.1,2026-06-16 23:00:00,2558028
74.9,58.0,74.5,59.2,2026-06-16 23:20:00,2558028
75.1,57.6,74.7,59.1,2026-06-16 23:40:00,2558028
74.8,58.2,74.3,59.2,2026-06-17 00:00:00,2558028
74.6,59.0,74.3,59.3,2026-06-17 00:20:00,2558028
74.2,60.4,74.1,59.6,2026-06-17 00:40:00,2558028
73.7,61.6,73.8,59.7,2026-06-17 01:00:00,2558028
73.1,63.0,73.4,59.8,2026-06-17 01:20:00,2558028
72.8,64.3,73.0,60.0,2026-06-17 01:40:00,2558028
72.0,65.7,72.3,59.9,2026-06-17 02:00:00,2558028
71.9,66.6,72.3,60.2,2026-06-17 02:20:00,2558028
71.6,67.9,72.1,60.5,2026-06-17 02:40:00,2558028
71.3,68.8,71.8,60.5,2026-06-17 03:00:00,2558028
71.1,69.6,71.8,60.6,2026-06-17 03:20:00,2558028
71.0,70.3,71.6,60.8,2026-06-17 03:40:00,2558028
70.6,70.9,71.1,60.7,2026-06-17 04:00:00,2558028
70.4,71.3,70.9,60.7,2026-06-17 04:20:00,2558028
70.2,71.9,70.7,60.7,2026-06-17 04:40:00,2558028
70.1,72.3,70.5,60.8,2026-06-17 05:00:00,2558028
69.7,73.1,70.0,60.7,2026-06-17 05:20:00,2558028
69.5,73.9,69.8,60.8,2026-06-17 05:40:00,2558028
69.2,74.5,69.4,60.8,2026-06-17 06:00:00,2558028
68.9,75.5,69.1,60.8,2026-06-17 06:20:00,2558028
68.7,76.3,69.1,61.0,2026-06-17 06:40:00,2558028
69.5,75.9,70.0,61.6,2026-06-17 07:00:00,2558028
70.3,75.0,70.9,62.0,2026-06-17 07:20:00,2558028
71.2,73.7,72.0,62.4,2026-06-17 07:40:00,2558028
72.1,71.9,72.9,62.6,2026-06-17 08:00:00,2558028
73.2,70.4,73.9,63.0,2026-06-17 08:20:00,2558028
74.1,67.7,74.7,62.7,2026-06-17 08:40:00,2558028
76.0,64.8,76.3,63.3,2026-06-17 09:00:00,2558028
77.6,60.0,78.1,62.7,2026-06-17 09:20:00,2558028
80.1,56.1,81.0,63.0,2026-06-17 09:40:00,2558028
81.4,49.9,81.5,60.9,2026-06-17 10:00:00,2558028
82.3,48.3,82.4,60.8,2026-06-17 10:20:00,2558028
83.6,46.1,84.0,60.7,2026-06-17 10:40:00,2558028
84.9,43.9,85.6,60.5,2026-06-17 11:00:00,2558028
85.6,40.1,85.5,58.5,2026-06-17 11:20:00,2558028
87.0,40.4,87.8,60.1,2026-06-17 11:40:00,2558028
86.7,38.1,86.5,58.1,2026-06-17 12:00:00,2558028
90.7,36.8,92.5,60.7,2026-06-17 12:20:00,2558028
90.1,34.9,90.7,58.7,2026-06-17 12:40:00,2558028
90.6,33.9,91.0,58.4,2026-06-17 13:00:00,2558028
90.7,31.5,90.5,56.4,2026-06-17 13:20:00,2558028
92.6,31.8,93.4,58.3,2026-06-17 13:40:00,2558028
91.5,30.0,90.9,55.7,2026-06-17 14:00:00,2558028
91.7,30.9,91.6,56.8,2026-06-17 14:20:00,2558028
92.2,30.9,92.3,57.1,2026-06-17 14:40:00,2558028
91.5,31.1,91.2,56.6,2026-06-17 15:00:00,2558028
90.9,32.5,91.2,57.3,2026-06-17 15:20:00,2558028
90.3,34.1,91.0,58.2,2026-06-17 15:40:00,2558028
92.1,33.9,93.4,59.6,2026-06-17 16:00:00,2558028
92.5,30.9,92.8,57.4,2026-06-17 16:20:00,2558028
91.8,31.3,91.9,57.1,2026-06-17 16:40:00,2558028
93.1,30.5,93.6,57.6,2026-06-17 17:00:00,2558028
94.5,29.2,95.2,57.5,2026-06-17 17:20:00,2558028
92.6,29.1,92.1,55.9,2026-06-17 17:40:00,2558028
91.4,30.5,91.0,56.1,2026-06-17 18:00:00,2558028
90.4,32.3,90.1,56.8,2026-06-17 18:20:00,2558028
90.0,33.1,90.0,57.2,2026-06-17 18:40:00,2558028
89.4,33.7,89.1,57.1,2026-06-17 19:00:00,2558028
88.8,36.5,89.2,58.8,2026-06-17 19:20:00,2558028
88.4,39.2,89.4,60.5,2026-06-17 19:40:00,2558028
87.7,41.0,88.9,61.0,2026-06-17 20:00:00,2558028
86.5,42.5,87.4,61.0,2026-06-17 20:20:00,2558028
85.8,43.6,86.9,61.2,2026-06-17 20:40:00,2558028
85.1,45.4,86.0,61.6,2026-06-17 21:00:00,2558028
84.2,47.9,85.6,62.3,2026-06-17 21:20:00,2558028
83.7,50.6,85.5,63.4,2026-06-17 21:40:00,2558028
83.8,52.3,85.8,64.5,2026-06-17 22:00:00,2558028
83.5,54.2,86.0,65.2,2026-06-17 22:20:00,2558028
82.9,56.3,85.1,65.8,2026-06-17 22:40:00,2558028
82.4,58.0,84.7,66.1,2026-06-17 23:00:00,2558028
81.8,59.5,84.0,66.3,2026-06-17 23:20:00,2558028
81.4,60.7,83.8,66.5,2026-06-17 23:40:00,2558028
80.9,60.9,82.9,66.2,2026-06-18 00:00:00,2558028
80.7,60.4,82.6,65.8,2026-06-18 00:20:00,2558028
80.6,59.8,82.4,65.4,2026-06-18 00:40:00,2558028
80.4,59.7,81.9,65.1,2026-06-18 01:00:00,2558028
80.2,59.4,81.7,64.8,2026-06-18 01:20:00,2558028
79.8,60.0,81.1,64.6,2026-06-18 01:40:00,2558028
79.4,60.9,80.8,64.7,2026-06-18 02:00:00,2558028
78.5,62.2,79.7,64.6,2026-06-18 02:20:00,2558028
78.2,63.3,79.3,64.7,2026-06-18 02:40:00,2558028
77.7,64.1,78.4,64.6,2026-06-18 03:00:00,2558028
77.6,65.2,78.6,65.0,2026-06-18 03:20:00,2558028
77.9,66.5,79.5,65.9,2026-06-18 03:40:00,2558028
78.0,68.0,79.7,66.5,2026-06-18 04:00:00,2558028
77.7,69.7,79.3,67.0,2026-06-18 04:20:00,2558028
77.5,70.5,79.2,67.1,2026-06-18 04:40:00,2558028
77.2,71.4,78.6,67.2,2026-06-18 05:00:00,2558028
76.9,72.0,78.4,67.2,2026-06-18 05:20:00,2558028
76.6,72.8,77.9,67.2,2026-06-18 05:40:00,2558028
76.2,73.7,77.5,67.2,2026-06-18 06:00:00,2558028
76.1,74.7,77.5,67.5,2026-06-18 06:20:00,2558028
76.2,74.9,77.5,67.7,2026-06-18 06:40:00,2558028
76.8,74.4,78.3,68.0,2026-06-18 07:00:00,2558028
77.3,73.2,79.2,68.1,2026-06-18 07:20:00,2558028
77.5,72.6,79.5,68.0,2026-06-18 07:40:00,2558028
78.1,71.4,80.6,68.1,2026-06-18 08:00:00,2558028
78.5,70.7,81.1,68.2,2026-06-18 08:20:00,2558028
80.7,67.2,84.0,68.8,2026-06-18 08:40:00,2558028
80.9,66.1,84.2,68.6,2026-06-18 09:00:00,2558028
82.7,63.4,86.5,69.0,2026-06-18 09:20:00,2558028
83.5,61.1,87.8,68.7,2026-06-18 09:40:00,2558028
84.3,60.4,89.1,69.1,2026-06-18 10:00:00,2558028
84.7,58.6,89.2,68.6,2026-06-18 10:20:00,2558028
86.6,56.7,92.5,69.4,2026-06-18 10:40:00,2558028
87.8,54.1,93.9,69.1,2026-06-18 11:00:00,2558028
88.5,52.2,94.3,68.8,2026-06-18 11:20:00,2558028
91.0,49.1,98.4,69.2,2026-06-18 11:40:00,2558028
90.2,49.7,97.2,68.9,2026-06-18 12:00:00,2558028
92.2,47.9,100.2,69.6,2026-06-18 12:20:00,2558028
93.6,46.0,102.2,69.7,2026-06-18 12:40:00,2558028
93.1,45.3,100.6,68.8,2026-06-18 13:00:00,2558028
95.6,44.4,105.6,70.5,2026-06-18 13:20:00,2558028
94.2,41.9,101.1,67.6,2026-06-18 13:40:00,2558028
94.4,42.8,101.8,68.3,2026-06-18 14:00:00,2558028
95.8,42.5,104.9,69.4,2026-06-18 14:20:00,2558028
94.9,42.7,102.9,68.7,2026-06-18 14:40:00,2558028
96.4,41.7,105.4,69.3,2026-06-18 15:00:00,2558028
96.0,40.7,104.0,68.3,2026-06-18 15:20:00,2558028
90.4,43.0,94.5,64.8,2026-06-18 15:40:00,2558028
81.8,54.5,82.9,63.7,2026-06-18 16:00:00,2558028
76.8,68.5,77.5,65.6,2026-06-18 16:20:00,2558028
79.3,71.1,82.4,69.1,2026-06-18 16:40:00,2558028
82.6,62.3,86.4,68.4,2026-06-18 17:00:00,2558028
84.7,56.0,88.5,67.2,2026-06-18 17:20:00,2558028
86.1,53.3,90.3,67.1,2026-06-18 17:40:00,2558028
84.9,56.5,89.1,67.7,2026-06-18 18:00:00,2558028
84.8,56.7,89.1,67.7,2026-06-18 18:20:00,2558028
85.4,57.8,90.3,68.8,2026-06-18 18:40:00,2558028
85.3,58.6,90.7,69.2,2026-06-18 19:00:00,2558028
85.0,59.7,90.3,69.4,2026-06-18 19:20:00,2558028
84.5,60.3,89.4,69.3,2026-06-18 19:40:00,2558028
83.9,61.8,88.7,69.3,2026-06-18 20:00:00,2558028
83.3,63.0,87.6,69.4,2026-06-18 20:20:00,2558028
82.6,64.5,86.9,69.4,2026-06-18 20:40:00,2558028
82.6,65.2,87.1,69.7,2026-06-18 21:00:00,2558028
79.7,72.6,83.7,70.1,2026-06-18 21:20:00,2558028
77.3,81.8,80.4,71.3,2026-06-18 21:40:00,2558028
75.8,82.5,78.3,70.1,2026-06-18 22:00:00,2558028
74.9,84.1,77.2,69.7,2026-06-18 22:20:00,2558028
74.7,84.8,77.2,69.8,2026-06-18 22:40:00,2558028
74.3,85.1,76.6,69.5,2026-06-18 23:00:00,2558028
74.1,85.9,76.3,69.6,2026-06-18 23:20:00,2558028
73.9,86.3,76.1,69.5,2026-06-18 23:40:00,2558028
73.7,86.9,75.9,69.5,2026-06-19 00:00:00,2558028
73.6,87.6,76.1,69.7,2026-06-19 00:20:00,2558028
73.5,87.9,75.7,69.7,2026-06-19 00:40:00,2558028
73.5,88.2,75.7,69.7,2026-06-19 01:00:00,2558028
73.5,88.0,75.7,69.7,2026-06-19 01:20:00,2558028
73.5,87.1,75.7,69.4,2026-06-19 01:40:00,2558028
73.4,85.9,75.6,69.0,2026-06-19 02:00:00,2558028
73.0,85.8,74.8,68.5,2026-06-19 02:20:00,2558028
72.8,86.1,74.7,68.4,2026-06-19 02:40:00,2558028
72.7,86.8,74.8,68.5,2026-06-19 03:00:00,2558028
72.6,87.1,74.5,68.5,2026-06-19 03:20:00,2558028
72.8,87.4,74.8,68.8,2026-06-19 03:40:00,2558028
73.0,86.9,75.0,68.9,2026-06-19 04:00:00,2558028
72.8,86.1,74.7,68.4,2026-06-19 04:20:00,2558028
72.2,86.7,74.1,68.0,2026-06-19 04:40:00,2558028
71.6,87.3,73.2,67.6,2026-06-19 05:00:00,2558028
71.5,88.2,73.2,67.8,2026-06-19 05:20:00,2558028
71.0,88.5,72.5,67.5,2026-06-19 05:40:00,2558028
70.6,88.6,72.0,67.1,2026-06-19 06:00:00,2558028
70.6,89.3,72.0,67.2,2026-06-19 06:20:00,2558028
70.6,89.8,72.0,67.5,2026-06-19 06:40:00,2558028
70.7,90.2,72.1,67.6,2026-06-19 07:00:00,2558028
70.9,90.5,72.7,68.0,2026-06-19 07:20:00,2558028
71.2,90.8,72.9,68.3,2026-06-19 07:40:00,2558028
71.1,90.9,72.9,68.3,2026-06-19 08:00:00,2558028
71.2,91.0,72.9,68.4,2026-06-19 08:20:00,2558028
71.5,91.1,73.4,68.7,2026-06-19 08:40:00,2558028
72.0,90.9,74.1,69.2,2026-06-19 09:00:00,2558028
72.2,90.6,74.3,69.3,2026-06-19 09:20:00,2558028
72.5,90.7,74.7,69.6,2026-06-19 09:40:00,2558028
73.1,90.7,75.6,70.2,2026-06-19 10:00:00,2558028
73.7,89.7,76.1,70.4,2026-06-19 10:20:00,2558028
75.0,87.8,77.7,71.1,2026-06-19 10:40:00,2558028
75.1,86.7,77.7,70.9,2026-06-19 11:00:00,2558028
76.7,83.8,79.7,71.4,2026-06-19 11:20:00,2558028
77.2,80.5,80.2,70.7,2026-06-19 11:40:00,2558028
78.2,77.6,81.5,70.6,2026-06-19 12:00:00,2558028
79.6,77.7,84.4,72.1,2026-06-19 12:20:00,2558028
80.7,72.5,85.3,71.1,2026-06-19 12:40:00,2558028
80.6,71.8,84.7,70.6,2026-06-19 13:00:00,2558028
83.9,64.3,89.6,70.6,2026-06-19 13:20:00,2558028
84.9,59.8,90.0,69.3,2026-06-19 13:40:00,2558028
84.8,57.3,89.2,68.1,2026-06-19 14:00:00,2558028
84.4,55.9,87.8,66.9,2026-06-19 14:20:00,2558028
86.5,55.8,91.8,68.8,2026-06-19 14:40:00,2558028
84.5,53.9,87.6,66.0,2026-06-19 15:00:00,2558028
87.0,52.1,91.6,67.3,2026-06-19 15:20:00,2558028
85.6,52.0,89.1,66.0,2026-06-19 15:40:00,2558028
86.1,50.8,89.4,65.8,2026-06-19 16:00:00,2558028
86.3,45.8,88.2,62.9,2026-06-19 16:20:00,2558028
85.9,43.3,86.9,61.0,2026-06-19 16:40:00,2558028
87.7,43.4,89.6,62.7,2026-06-19 17:00:00,2558028
86.7,41.7,87.6,60.7,2026-06-19 17:20:00,2558028
86.3,41.0,86.7,59.8,2026-06-19 17:40:00,2558028
84.9,43.3,85.5,60.2,2026-06-19 18:00:00,2558028
84.4,43.8,84.7,60.0,2026-06-19 18:20:00,2558028
84.0,44.1,84.4,59.8,2026-06-19 18:40:00,2558028
83.4,45.0,83.5,59.8,2026-06-19 19:00:00,2558028
83.0,44.6,82.8,59.2,2026-06-19 19:20:00,2558028
82.0,47.1,81.9,59.9,2026-06-19 19:40:00,2558028
81.0,48.6,81.0,59.9,2026-06-19 20:00:00,2558028
79.9,51.0,79.7,60.1,2026-06-19 20:20:00,2558028
78.7,52.1,78.4,59.6,2026-06-19 20:40:00,2558028
77.6,53.3,77.0,59.3,2026-06-19 21:00:00,2558028
76.2,51.9,75.2,57.3,2026-06-19 21:20:00,2558028
75.2,52.4,74.1,56.6,2026-06-19 21:40:00,2558028
73.9,56.4,73.2,57.4,2026-06-19 22:00:00,2558028
73.2,57.9,73.0,57.5,2026-06-19 22:20:00,2558028
74.5,51.9,73.6,55.7,2026-06-19 22:40:00,2558028
73.5,53.5,72.9,55.6,2026-06-19 23:00:00,2558028
72.6,52.9,72.0,54.5,2026-06-19 23:20:00,2558028
71.7,54.5,71.1,54.4,2026-06-19 23:40:00,2558028
72.4,52.0,71.6,53.8,2026-06-20 00:00:00,2558028
72.0,52.0,71.2,53.4,2026-06-20 00:20:00,2558028
70.4,55.2,70.0,53.6,2026-06-20 00:40:00,2558028
69.9,55.2,69.1,53.1,2026-06-20 01:00:00,2558028
69.9,53.9,68.9,52.5,2026-06-20 01:20:00,2558028
68.7,55.4,67.6,52.1,2026-06-20 01:40:00,2558028
67.6,59.0,66.0,52.8,2026-06-20 02:00:00,2558028
66.8,61.7,65.3,53.3,2026-06-20 02:20:00,2558028
65.9,64.0,64.2,53.3,2026-06-20 02:40:00,2558028
65.1,66.5,63.3,53.7,2026-06-20 03:00:00,2558028
64.7,67.4,63.0,53.7,2026-06-20 03:20:00,2558028
64.6,66.8,62.8,53.3,2026-06-20 03:40:00,2558028
64.2,67.9,62.6,53.4,2026-06-20 04:00:00,2558028
63.7,69.8,62.2,53.6,2026-06-20 04:20:00,2558028
63.5,69.7,62.1,53.4,2026-06-20 04:40:00,2558028
63.1,70.6,61.7,53.4,2026-06-20 05:00:00,2558028
63.1,70.2,61.7,53.2,2026-06-20 05:20:00,2558028
62.5,71.8,61.3,53.3,2026-06-20 05:40:00,2558028
62.2,72.6,61.0,53.3,2026-06-20 06:00:00,2558028
62.4,74.2,61.3,54.1,2026-06-20 06:20:00,2558028
62.5,73.9,61.5,54.1,2026-06-20 06:40:00,2558028
63.3,74.5,62.2,55.1,2026-06-20 07:00:00,2558028
64.4,74.3,63.5,56.0,2026-06-20 07:20:00,2558028
66.6,67.2,65.5,55.3,2026-06-20 07:40:00,2558028
69.0,61.9,68.4,55.4,2026-06-20 08:00:00,2558028
71.5,57.9,71.2,55.9,2026-06-20 08:20:00,2558028
72.8,55.3,72.3,55.9,2026-06-20 08:40:00,2558028
74.4,52.5,73.6,55.9,2026-06-20 09:00:00,2558028
76.4,48.8,75.0,55.7,2026-06-20 09:20:00,2558028
78.8,47.3,77.9,57.1,2026-06-20 09:40:00,2558028
80.1,43.7,78.8,56.0,2026-06-20 10:00:00,2558028
80.2,42.0,78.6,55.1,2026-06-20 10:20:00,2558028
81.8,42.2,80.6,56.7,2026-06-20 10:40:00,2558028
83.2,38.7,81.9,55.5,2026-06-20 11:00:00,2558028
84.6,38.4,83.8,56.4,2026-06-20 11:20:00,2558028
86.4,35.6,85.5,56.0,2026-06-20 11:40:00,2558028
87.0,32.5,85.5,53.9,2026-06-20 12:00:00,2558028
87.6,32.2,86.0,54.2,2026-06-20 12:20:00,2558028
85.8,33.2,84.0,53.6,2026-06-20 12:40:00,2558028
86.8,30.8,84.7,52.4,2026-06-20 13:00:00,2558028
86.8,30.8,84.7,52.4,2026-06-20 13:20:00,2558028
87.7,31.4,86.0,53.7,2026-06-20 13:40:00,2558028
86.2,32.7,84.6,53.5,2026-06-20 14:00:00,2558028
87.2,32.2,85.5,54.0,2026-06-20 14:20:00,2558028
87.1,33.4,85.8,54.8,2026-06-20 14:40:00,2558028
87.9,33.9,86.9,56.0,2026-06-20 15:00:00,2558028
88.4,29.0,86.2,52.1,2026-06-20 15:20:00,2558028
87.8,28.8,85.5,51.4,2026-06-20 15:40:00,2558028
87.9,29.6,85.6,52.3,2026-06-20 16:00:00,2558028
88.5,31.9,87.3,54.8,2026-06-20 16:20:00,2558028
89.3,32.7,88.7,56.2,2026-06-20 16:40:00,2558028
89.8,29.9,88.5,54.1,2026-06-20 17:00:00,2558028
90.4,28.6,89.1,53.4,2026-06-20 17:20:00,2558028
90.6,28.9,89.2,53.9,2026-06-20 17:40:00,2558028
87.2,31.9,85.5,53.7,2026-06-20 18:00:00,2558028
86.5,33.5,85.1,54.4,2026-06-20 18:20:00,2558028
85.6,34.0,83.8,54.0,2026-06-20 18:40:00,2558028
85.1,35.4,83.8,54.7,2026-06-20 19:00:00,2558028
84.4,36.0,82.8,54.5,2026-06-20 19:20:00,2558028
83.7,38.4,82.6,55.7,2026-06-20 19:40:00,2558028
82.5,39.8,81.0,55.7,2026-06-20 20:00:00,2558028
81.1,41.3,79.5,55.4,2026-06-20 20:20:00,2558028
79.6,44.0,78.3,55.8,2026-06-20 20:40:00,2558028
78.6,45.5,77.2,55.8,2026-06-20 21:00:00,2558028
78.0,47.0,76.8,56.1,2026-06-20 21:20:00,2558028
77.1,48.2,75.6,56.0,2026-06-20 21:40:00,2558028
76.5,49.2,75.2,56.0,2026-06-20 22:00:00,2558028
76.1,50.4,75.0,56.4,2026-06-20 22:20:00,2558028
75.8,51.3,74.7,56.6,2026-06-20 22:40:00,2558028
75.3,51.9,74.3,56.4,2026-06-20 23:00:00,2558028
75.0,51.8,73.9,56.1,2026-06-20 23:20:00,2558028
74.4,52.3,73.4,55.9,2026-06-20 23:40:00,2558028
74.1,53.1,73.2,56.0,2026-06-21 00:00:00,2558028
74.2,54.1,73.4,56.5,2026-06-21 00:20:00,2558028
74.4,53.0,73.6,56.2,2026-06-21 00:40:00,2558028
74.5,53.4,73.8,56.5,2026-06-21 01:00:00,2558028
73.8,55.1,73.2,56.7,2026-06-21 01:20:00,2558028
73.4,56.2,73.0,56.9,2026-06-21 01:40:00,2558028
73.1,56.4,72.7,56.7,2026-06-21 02:00:00,2558028
72.8,57.9,72.5,57.1,2026-06-21 02:20:00,2558028
72.6,58.6,72.3,57.3,2026-06-21 02:40:00,2558028
72.1,60.2,72.1,57.6,2026-06-21 03:00:00,2558028
71.7,61.6,71.8,57.8,2026-06-21 03:20:00,2558028
71.4,61.7,71.4,57.6,2026-06-21 03:40:00,2558028
70.7,64.5,71.1,58.2,2026-06-21 04:00:00,2558028
70.1,65.5,70.0,57.9,2026-06-21 04:20:00,2558028
69.8,67.2,69.6,58.4,2026-06-21 04:40:00,2558028
69.6,67.5,69.4,58.4,2026-06-21 05:00:00,2558028
69.5,67.4,69.4,58.2,2026-06-21 05:20:00,2558028
69.1,68.8,68.9,58.4,2026-06-21 05:40:00,2558028
68.2,70.5,68.0,58.2,2026-06-21 06:00:00,2558028
67.6,71.5,67.1,58.0,2026-06-21 06:20:00,2558028
67.4,72.4,66.9,58.3,2026-06-21 06:40:00,2558028
67.9,73.0,67.6,59.0,2026-06-21 07:00:00,2558028
69.2,72.8,69.3,60.1,2026-06-21 07:20:00,2558028
70.7,71.5,71.4,61.1,2026-06-21 07:40:00,2558028
72.4,67.2,72.9,60.9,2026-06-21 08:00:00,2558028
74.4,63.1,74.7,61.1,2026-06-21 08:20:00,2558028
75.8,60.6,75.7,61.2,2026-06-21 08:40:00,2558028
77.6,58.2,77.5,61.7,2026-06-21 09:00:00,2558028
79.9,56.6,80.8,63.1,2026-06-21 09:20:00,2558028
81.4,50.2,81.7,61.1,2026-06-21 09:40:00,2558028
83.4,48.2,84.2,61.8,2026-06-21 10:00:00,2558028
86.1,46.0,87.8,62.9,2026-06-21 10:20:00,2558028
86.9,41.8,88.2,60.9,2026-06-21 10:40:00,2558028
87.9,41.0,89.1,61.2,2026-06-21 11:00:00,2558028
89.5,39.3,91.6,61.5,2026-06-21 11:20:00,2558028
90.7,36.7,92.5,60.6,2026-06-21 11:40:00,2558028
93.4,37.3,97.0,63.4,2026-06-21 12:00:00,2558028
92.2,36.7,95.0,61.9,2026-06-21 12:20:00,2558028
91.4,35.5,93.0,60.2,2026-06-21 12:40:00,2558028
90.4,35.2,91.4,59.2,2026-06-21 13:00:00,2558028
93.9,35.4,97.0,62.3,2026-06-21 13:20:00,2558028
93.2,34.7,95.5,61.2,2026-06-21 13:40:00,2558028
91.3,34.7,92.7,59.6,2026-06-21 14:00:00,2558028
90.0,36.8,91.4,60.1,2026-06-21 14:20:00,2558028
90.6,36.0,91.9,60.0,2026-06-21 14:40:00,2558028
92.5,35.9,95.0,61.5,2026-06-21 15:00:00,2558028
93.0,36.0,96.1,62.1,2026-06-21 15:20:00,2558028
92.0,35.0,93.9,60.4,2026-06-21 15:40:00,2558028
91.3,39.5,94.6,63.3,2026-06-21 16:00:00,2558028
92.4,36.7,95.2,62.1,2026-06-21 16:20:00,2558028
92.4,35.7,94.8,61.4,2026-06-21 16:40:00,2558028
93.2,34.7,95.9,61.2,2026-06-21 17:00:00,2558028
94.1,33.9,96.8,61.4,2026-06-21 17:20:00,2558028
94.0,33.9,96.4,61.2,2026-06-21 17:40:00,2558028
90.9,37.2,93.0,61.2,2026-06-21 18:00:00,2558028
90.6,37.8,92.7,61.4,2026-06-21 18:20:00,2558028
89.5,39.9,91.8,61.9,2026-06-21 18:40:00,2558028
89.4,39.8,91.2,61.7,2026-06-21 19:00:00,2558028
88.7,40.7,90.3,61.8,2026-06-21 19:20:00,2558028
87.5,42.5,89.1,61.9,2026-06-21 19:40:00,2558028
86.1,44.6,87.4,62.0,2026-06-21 20:00:00,2558028
87.1,43.9,88.9,62.4,2026-06-21 20:20:00,2558028
87.0,44.4,88.7,62.6,2026-06-21 20:40:00,2558028
86.7,43.8,88.3,62.1,2026-06-21 21:00:00,2558028
86.1,44.1,87.4,61.7,2026-06-21 21:20:00,2558028
84.9,45.6,85.8,61.6,2026-06-21 21:40:00,2558028
83.5,47.7,84.4,61.6,2026-06-21 22:00:00,2558028
82.5,49.1,82.8,61.4,2026-06-21 22:20:00,2558028
81.9,50.0,82.4,61.5,2026-06-21 22:40:00,2558028
80.8,51.5,81.1,61.2,2026-06-21 23:00:00,2558028
79.4,54.4,79.7,61.6,2026-06-21 23:20:00,2558028
80.0,54.8,80.4,62.3,2026-06-21 23:40:00,2558028
80.4,56.3,81.5,63.5,2026-06-22 00:00:00,2558028
80.1,58.6,81.5,64.3,2026-06-22 00:20:00,2558028
79.8,60.5,81.3,64.8,2026-06-22 00:40:00,2558028
79.4,62.2,81.1,65.3,2026-06-22 01:00:00,2558028
78.4,63.5,79.5,65.0,2026-06-22 01:20:00,2558028
78.1,65.1,79.5,65.4,2026-06-22 01:40:00,2558028
77.7,66.9,79.0,65.8,2026-06-22 02:00:00,2558028
77.2,68.3,78.4,65.9,2026-06-22 02:20:00,2558028
76.8,69.4,77.7,66.0,2026-06-22 02:40:00,2558028
76.3,70.2,77.2,65.9,2026-06-22 03:00:00,2558028
75.6,71.2,76.6,65.6,2026-06-22 03:20:00,2558028
75.0,73.5,76.1,66.0,2026-06-22 03:40:00,2558028
75.0,74.4,76.1,66.3,2026-06-22 04:00:00,2558028
74.5,75.5,75.9,66.2,2026-06-22 04:20:00,2558028
74.1,77.2,75.4,66.5,2026-06-22 04:40:00,2558028
73.6,78.3,75.2,66.4,2026-06-22 05:00:00,2558028
73.0,79.7,74.5,66.3,2026-06-22 05:20:00,2558028
73.0,80.9,74.5,66.7,2026-06-22 05:40:00,2558028
72.6,81.7,74.1,66.7,2026-06-22 06:00:00,2558028
72.5,82.0,74.1,66.7,2026-06-22 06:20:00,2558028
72.5,82.9,74.3,67.0,2026-06-22 06:40:00,2558028
73.5,83.1,75.4,68.0,2026-06-22 07:00:00,2558028
74.5,82.2,76.6,68.7,2026-06-22 07:20:00,2558028
75.7,80.7,77.7,69.3,2026-06-22 07:40:00,2558028
76.8,78.9,79.0,69.8,2026-06-22 08:00:00,2558028
78.4,76.4,81.7,70.4,2026-06-22 08:20:00,2558028
79.6,73.7,83.5,70.4,2026-06-22 08:40:00,2558028
81.2,70.8,85.8,70.8,2026-06-22 09:00:00,2558028
82.6,67.3,87.6,70.7,2026-06-22 09:20:00,2558028
84.0,65.4,90.3,71.2,2026-06-22 09:40:00,2558028
84.8,63.5,91.2,71.0,2026-06-22 10:00:00,2558028
85.6,61.4,91.9,70.8,2026-06-22 10:20:00,2558028
87.0,59.1,94.1,71.0,2026-06-22 10:40:00,2558028
88.0,55.8,95.0,70.2,2026-06-22 11:00:00,2558028
89.3,53.1,96.6,70.0,2026-06-22 11:20:00,2558028
89.4,51.2,95.9,69.0,2026-06-22 11:40:00,2558028
89.4,49.2,95.0,67.8,2026-06-22 12:00:00,2558028
91.4,51.0,100.0,70.7,2026-06-22 12:20:00,2558028
95.8,44.9,106.2,71.0,2026-06-13 12:40:00,2968894
93.6,44.1,101.1,68.5,2026-06-13 13:00:00,2968894
94.5,43.8,102.7,69.1,2026-06-13 13:20:00,2968894
95.2,42.7,103.8,69.0,2026-06-13 13:40:00,2968894
96.5,40.4,104.9,68.5,2026-06-13 14:00:00,2968894
97.5,38.9,106.3,68.4,2026-06-13 14:20:00,2968894
95.3,39.4,102.0,66.7,2026-06-13 14:40:00,2968894
97.0,38.0,104.2,67.1,2026-06-13 15:00:00,2968894
98.2,36.8,106.0,67.3,2026-06-13 15:20:00,2968894
97.1,37.9,104.5,67.2,2026-06-13 15:40:00,2968894
96.0,37.6,102.4,66.0,2026-06-13 16:00:00,2968894
95.2,39.5,102.0,66.7,2026-06-13 16:20:00,2968894
97.1,37.7,104.4,67.0,2026-06-13 16:40:00,2968894
97.3,36.9,104.4,66.6,2026-06-13 17:00:00,2968894
95.8,38.8,102.7,66.7,2026-06-13 17:20:00,2968894
95.8,39.6,103.1,67.3,2026-06-13 17:40:00,2968894
95.5,39.6,102.4,67.1,2026-06-13 18:00:00,2968894
95.8,39.6,103.1,67.3,2026-06-13 18:20:00,2968894
94.9,40.3,101.7,67.0,2026-06-13 18:40:00,2968894
94.2,41.3,100.8,67.1,2026-06-13 19:00:00,2968894
93.5,42.6,100.0,67.4,2026-06-13 19:20:00,2968894
92.4,44.6,98.8,67.7,2026-06-13 19:40:00,2968894
91.6,45.6,98.1,67.6,2026-06-13 20:00:00,2968894
90.6,46.9,96.4,67.6,2026-06-13 20:20:00,2968894
89.5,48.7,95.0,67.6,2026-06-13 20:40:00,2968894
88.8,49.7,94.1,67.6,2026-06-13 21:00:00,2968894
88.1,51.1,93.2,67.7,2026-06-13 21:20:00,2968894
84.3,59.6,88.9,68.8,2026-06-13 21:40:00,2968894
82.7,64.1,86.9,69.3,2026-06-13 22:00:00,2968894
81.2,67.4,84.9,69.3,2026-06-13 22:20:00,2968894
80.6,70.2,84.4,69.9,2026-06-13 22:40:00,2968894
80.3,70.7,84.2,69.9,2026-06-13 23:00:00,2968894
80.8,68.9,84.7,69.6,2026-06-13 23:20:00,2968894
81.1,67.3,84.7,69.2,2026-06-13 23:40:00,2968894
80.8,66.9,84.2,68.8,2026-06-14 00:00:00,2968894
80.4,67.0,83.8,68.5,2026-06-14 00:20:00,2968894
79.9,68.4,83.1,68.6,2026-06-14 00:40:00,2968894
79.3,70.2,82.2,68.7,2026-06-14 01:00:00,2968894
78.7,71.2,81.5,68.5,2026-06-14 01:20:00,2968894
77.6,73.3,79.9,68.4,2026-06-14 01:40:00,2968894
76.9,76.4,79.0,68.9,2026-06-14 02:00:00,2968894
76.4,78.7,78.3,69.3,2026-06-14 02:20:00,2968894
75.8,80.6,78.1,69.4,2026-06-14 02:40:00,2968894
75.5,81.9,77.7,69.6,2026-06-14 03:00:00,2968894
75.2,83.1,77.5,69.7,2026-06-14 03:20:00,2968894
75.1,83.7,77.5,69.8,2026-06-14 03:40:00,2968894
74.6,85.1,76.8,69.8,2026-06-14 04:00:00,2968894
74.2,86.2,76.5,69.8,2026-06-14 04:20:00,2968894
73.9,87.4,76.3,69.9,2026-06-14 04:40:00,2968894
73.6,88.3,76.1,69.9,2026-06-14 05:00:00,2968894
73.5,88.6,75.7,69.9,2026-06-14 05:20:00,2968894
73.1,89.3,75.4,69.8,2026-06-14 05:40:00,2968894
73.0,89.7,75.2,69.8,2026-06-14 06:00:00,2968894
73.1,90.0,75.6,70.0,2026-06-14 06:20:00,2968894
73.2,90.2,75.6,70.1,2026-06-14 06:40:00,2968894
73.4,90.1,75.7,70.3,2026-06-14 07:00:00,2968894
74.2,89.1,76.8,70.7,2026-06-14 07:20:00,2968894
74.9,87.2,77.5,70.8,2026-06-14 07:40:00,2968894
76.6,84.8,79.5,71.6,2026-06-14 08:00:00,2968894
78.6,80.3,83.1,72.1,2026-06-14 08:20:00,2968894
80.4,76.2,85.8,72.3,2026-06-14 08:40:00,2968894
82.6,73.1,89.4,73.1,2026-06-14 09:00:00,2968894
83.7,69.7,91.0,72.8,2026-06-14 09:20:00,2968894
85.2,67.1,93.4,73.0,2026-06-14 09:40:00,2968894
85.8,65.0,94.3,72.7,2026-06-14 10:00:00,2968894
86.4,61.1,93.7,71.4,2026-06-14 10:20:00,2968894
88.0,59.1,96.4,72.0,2026-06-14 10:40:00,2968894
89.6,54.2,98.1,70.9,2026-06-14 11:00:00,2968894
91.7,52.4,101.7,71.7,2026-06-14 11:20:00,2968894
90.7,48.9,97.9,68.9,2026-06-14 11:40:00,2968894
94.4,47.7,104.9,71.5,2026-06-14 12:00:00,2968894
93.0,46.6,101.1,69.5,2026-06-14 12:20:00,2968894
96.4,42.7,106.2,70.0,2026-06-14 12:40:00,2968894
93.5,45.5,101.5,69.2,2026-06-14 13:00:00,2968894
94.0,47.0,103.5,70.7,2026-06-14 13:20:00,2968894
95.0,47.5,106.3,71.9,2026-06-14 13:40:00,2968894
94.4,46.6,104.2,70.8,2026-06-14 14:00:00,2968894
97.5,42.5,108.7,70.9,2026-06-14 14:20:00,2968894
96.5,41.3,105.6,69.2,2026-06-14 14:40:00,2968894
98.0,37.5,106.0,67.7,2026-06-14 15:00:00,2968894
98.1,36.1,105.6,66.7,2026-06-14 15:20:00,2968894
98.2,36.1,105.4,66.7,2026-06-14 15:40:00,2968894
99.5,35.1,107.4,67.1,2026-06-14 16:00:00,2968894
98.3,34.8,104.9,65.8,2026-06-14 16:20:00,2968894
97.6,36.6,104.9,66.6,2026-06-14 16:40:00,2968894
96.6,38.4,103.8,67.1,2026-06-14 17:00:00,2968894
95.5,39.0,102.2,66.6,2026-06-14 17:20:00,2968894
95.8,37.0,101.5,65.4,2026-06-14 17:40:00,2968894
92.1,43.2,97.9,66.6,2026-06-14 18:00:00,2968894
88.8,49.3,93.9,67.3,2026-06-14 18:20:00,2968894
87.2,52.5,92.1,67.7,2026-06-14 18:40:00,2968894
86.3,54.8,91.2,68.1,2026-06-14 19:00:00,2968894
86.2,56.6,91.8,69.0,2026-06-14 19:20:00,2968894
85.1,59.5,90.7,69.5,2026-06-14 19:40:00,2968894
84.6,60.8,90.0,69.5,2026-06-14 20:00:00,2968894
84.0,62.3,89.4,69.8,2026-06-14 20:20:00,2968894
83.4,63.5,88.2,69.7,2026-06-14 20:40:00,2968894
83.1,65.1,87.8,70.2,2026-06-14 21:00:00,2968894
81.8,68.7,86.2,70.5,2026-06-14 21:20:00,2968894
81.8,68.7,86.2,70.5,2026-06-14 21:40:00,2968894
81.2,71.0,86.0,70.9,2026-06-14 22:00:00,2968894
80.7,73.8,85.6,71.6,2026-06-14 22:20:00,2968894
80.8,73.5,85.8,71.5,2026-06-14 22:40:00,2968894
80.9,73.0,85.8,71.4,2026-06-14 23:00:00,2968894
81.1,71.9,85.8,71.2,2026-06-14 23:20:00,2968894
80.9,71.7,85.5,70.9,2026-06-14 23:40:00,2968894
80.6,72.6,85.3,71.0,2026-06-15 00:00:00,2968894
80.4,73.0,84.7,70.9,2026-06-15 00:20:00,2968894
80.2,73.4,84.4,70.9,2026-06-15 00:40:00,2968894
80.2,73.3,84.4,70.8,2026-06-15 01:00:00,2968894
80.0,73.3,84.2,70.7,2026-06-15 01:20:00,2968894
80.1,73.0,84.4,70.6,2026-06-15 01:40:00,2968894
80.2,72.8,84.4,70.7,2026-06-15 02:00:00,2968894
80.2,73.1,84.4,70.8,2026-06-15 02:20:00,2968894
80.0,73.8,84.4,70.9,2026-06-15 02:40:00,2968894
80.1,74.2,84.6,71.1,2026-06-15 03:00:00,2968894
80.3,73.7,84.9,71.1,2026-06-15 03:20:00,2968894
79.9,74.1,84.4,70.9,2026-06-15 03:40:00,2968894
79.5,74.9,83.5,70.8,2026-06-15 04:00:00,2968894
78.9,75.9,82.6,70.7,2026-06-15 04:20:00,2968894
78.5,76.0,81.9,70.3,2026-06-15 04:40:00,2968894
78.2,75.5,81.1,69.8,2026-06-15 05:00:00,2968894
77.8,75.5,80.6,69.4,2026-06-15 05:20:00,2968894
77.6,71.5,79.5,67.7,2026-06-15 05:40:00,2968894
77.2,70.1,78.4,66.7,2026-06-15 06:00:00,2968894
76.8,69.0,77.7,65.9,2026-06-15 06:20:00,2968894
76.8,67.2,77.4,65.1,2026-06-15 06:40:00,2968894
76.9,66.3,77.7,64.8,2026-06-15 07:00:00,2968894
76.7,65.3,77.2,64.1,2026-06-15 07:20:00,2968894
76.6,63.1,76.8,63.1,2026-06-15 07:40:00,2968894
76.1,63.1,76.3,62.6,2026-06-15 08:00:00,2968894
78.2,56.4,78.1,61.4,2026-06-15 08:20:00,2968894
77.4,52.5,76.6,58.7,2026-06-15 08:40:00,2968894
77.9,44.3,76.1,54.4,2026-06-15 09:00:00,2968894
78.2,44.8,76.5,55.0,2026-06-15 09:20:00,2968894
78.5,46.8,77.4,56.5,2026-06-15 09:40:00,2968894
80.4,45.8,79.3,57.5,2026-06-15 10:00:00,2968894
79.5,45.5,78.4,56.7,2026-06-15 10:20:00,2968894
81.0,42.4,79.7,56.0,2026-06-15 10:40:00,2968894
85.1,41.2,85.1,58.9,2026-06-15 11:00:00,2968894
84.8,38.8,84.2,57.0,2026-06-15 11:20:00,2968894
84.2,38.9,83.1,56.4,2026-06-15 11:40:00,2968894
84.1,38.5,83.1,56.1,2026-06-15 12:00:00,2968894
85.1,36.9,84.2,55.9,2026-06-15 12:20:00,2968894
85.1,36.5,84.2,55.6,2026-06-15 12:40:00,2968894
85.5,35.6,84.4,55.2,2026-06-15 13:00:00,2968894
86.5,36.1,85.6,56.4,2026-06-15 13:20:00,2968894
87.9,32.6,86.5,54.9,2026-06-15 13:40:00,2968894
87.7,31.8,86.0,54.0,2026-06-15 14:00:00,2968894
88.4,31.8,87.3,54.7,2026-06-15 14:20:00,2968894
89.4,30.1,88.0,54.0,2026-06-15 14:40:00,2968894
87.2,31.1,85.1,53.0,2026-06-15 15:00:00,2968894
87.9,29.6,85.6,52.3,2026-06-15 15:20:00,2968894
88.3,29.9,86.2,52.9,2026-06-15 15:40:00,2968894
88.4,31.5,86.9,54.4,2026-06-15 16:00:00,2968894
89.8,30.7,88.9,54.9,2026-06-15 16:20:00,2968894
88.7,31.6,87.6,54.7,2026-06-15 16:40:00,2968894
91.7,29.9,91.0,55.8,2026-06-15 17:00:00,2968894
87.9,30.4,85.8,52.9,2026-06-15 17:20:00,2968894
87.3,30.5,85.3,52.6,2026-06-15 17:40:00,2968894
86.5,31.3,84.4,52.6,2026-06-15 18:00:00,2968894
86.5,31.6,84.4,52.9,2026-06-15 18:20:00,2968894
85.7,32.4,83.8,52.8,2026-06-15 18:40:00,2968894
84.7,32.5,82.4,52.0,2026-06-15 19:00:00,2968894
84.4,33.0,82.2,52.1,2026-06-15 19:20:00,2968894
83.5,33.7,81.3,51.9,2026-06-15 19:40:00,2968894
82.5,34.7,80.1,51.8,2026-06-15 20:00:00,2968894
81.4,35.9,79.0,51.9,2026-06-15 20:20:00,2968894
80.1,36.9,77.7,51.4,2026-06-15 20:40:00,2968894
78.4,38.6,76.1,51.1,2026-06-15 21:00:00,2968894
77.5,39.7,75.0,51.1,2026-06-15 21:20:00,2968894
76.7,42.0,74.7,51.9,2026-06-15 21:40:00,2968894
75.7,43.9,73.8,52.2,2026-06-15 22:00:00,2968894
75.1,45.6,73.6,52.7,2026-06-15 22:20:00,2968894
73.8,46.9,72.5,52.3,2026-06-15 22:40:00,2968894
73.0,49.8,71.8,53.1,2026-06-15 23:00:00,2968894
72.4,48.5,71.4,51.9,2026-06-15 23:20:00,2968894
72.4,48.1,71.2,51.7,2026-06-15 23:40:00,2968894
71.6,50.3,70.9,52.2,2026-06-16 00:00:00,2968894
71.0,51.3,70.2,52.1,2026-06-16 00:20:00,2968894
70.4,53.9,69.8,52.9,2026-06-16 00:40:00,2968894
69.7,54.0,68.7,52.3,2026-06-16 01:00:00,2968894
69.5,54.5,68.5,52.4,2026-06-16 01:20:00,2968894
69.3,54.3,68.2,52.1,2026-06-16 01:40:00,2968894
69.4,53.6,68.2,51.8,2026-06-16 02:00:00,2968894
69.1,53.6,68.0,51.5,2026-06-16 02:20:00,2968894
68.6,54.0,67.1,51.4,2026-06-16 02:40:00,2968894
69.1,52.8,67.6,51.1,2026-06-16 03:00:00,2968894
69.1,52.9,68.0,51.2,2026-06-16 03:20:00,2968894
68.7,53.9,67.1,51.4,2026-06-16 03:40:00,2968894
68.1,55.4,66.6,51.5,2026-06-16 04:00:00,2968894
67.4,56.9,65.7,51.6,2026-06-16 04:20:00,2968894
66.7,58.3,64.8,51.6,2026-06-16 04:40:00,2968894
66.3,59.5,64.2,51.8,2026-06-16 05:00:00,2968894
66.1,60.1,64.2,51.8,2026-06-16 05:20:00,2968894
66.3,60.3,64.4,52.2,2026-06-16 05:40:00,2968894
66.3,60.3,64.4,52.1,2026-06-16 06:00:00,2968894
66.9,60.9,65.5,53.0,2026-06-16 06:20:00,2968894
67.7,60.4,66.6,53.5,2026-06-16 06:40:00,2968894
67.9,60.1,66.7,53.6,2026-06-16 07:00:00,2968894
68.4,60.8,67.5,54.3,2026-06-16 07:20:00,2968894
69.6,58.9,68.9,54.6,2026-06-16 07:40:00,2968894
70.3,57.8,69.8,54.8,2026-06-16 08:00:00,2968894
70.7,57.7,70.7,55.1,2026-06-16 08:20:00,2968894
71.0,56.7,70.5,54.9,2026-06-16 08:40:00,2968894
71.7,55.7,71.2,55.1,2026-06-16 09:00:00,2968894
73.1,55.0,72.7,56.0,2026-06-16 09:20:00,2968894
73.6,53.1,72.9,55.5,2026-06-16 09:40:00,2968894
75.2,51.9,74.3,56.3,2026-06-16 10:00:00,2968894
77.9,48.0,76.8,56.6,2026-06-16 10:20:00,2968894
80.1,45.0,79.2,56.8,2026-06-16 10:40:00,2968894
81.2,43.2,80.1,56.7,2026-06-16 11:00:00,2968894
81.2,43.9,80.1,57.1,2026-06-16 11:20:00,2968894
81.1,43.3,79.9,56.7,2026-06-16 11:40:00,2968894
81.9,42.4,80.8,56.8,2026-06-16 12:00:00,2968894
81.8,43.0,80.6,57.2,2026-06-16 12:20:00,2968894
80.9,42.8,79.5,56.1,2026-06-16 12:40:00,2968894
81.1,43.5,79.9,56.8,2026-06-16 13:00:00,2968894
82.2,42.3,81.3,57.1,2026-06-16 13:20:00,2968894
85.3,39.8,85.1,58.1,2026-06-16 13:40:00,2968894
83.6,38.4,82.2,55.6,2026-06-16 14:00:00,2968894
82.8,39.3,81.5,55.6,2026-06-16 14:20:00,2968894
85.2,39.1,84.7,57.5,2026-06-16 14:40:00,2968894
84.3,39.6,83.5,57.1,2026-06-16 15:00:00,2968894
83.8,38.9,82.6,56.2,2026-06-16 15:20:00,2968894
83.2,40.5,82.2,56.7,2026-06-16 15:40:00,2968894
84.2,40.1,83.5,57.3,2026-06-16 16:00:00,2968894
83.9,41.0,83.5,57.7,2026-06-16 16:20:00,2968894
83.8,41.4,83.1,57.9,2026-06-16 16:40:00,2968894
83.7,43.3,83.7,59.0,2026-06-16 17:00:00,2968894
83.1,44.4,82.9,59.3,2026-06-16 17:20:00,2968894
83.4,45.2,83.5,60.0,2026-06-16 17:40:00,2968894
83.0,44.6,82.8,59.3,2026-06-16 18:00:00,2968894
82.7,44.8,82.2,59.1,2026-06-16 18:20:00,2968894
82.3,45.0,81.9,58.8,2026-06-16 18:40:00,2968894
81.9,47.0,81.7,59.7,2026-06-16 19:00:00,2968894
80.9,48.6,80.6,59.7,2026-06-16 19:20:00,2968894
80.7,48.2,80.2,59.3,2026-06-16 19:40:00,2968894
80.7,48.3,80.2,59.4,2026-06-16 20:00:00,2968894
80.1,49.2,79.7,59.3,2026-06-16 20:20:00,2968894
79.5,50.1,79.2,59.3,2026-06-16 20:40:00,2968894
78.6,51.6,78.3,59.3,2026-06-16 21:00:00,2968894
77.9,53.1,77.2,59.4,2026-06-16 21:20:00,2968894
77.5,53.9,76.8,59.5,2026-06-16 21:40:00,2968894
77.0,54.6,76.1,59.4,2026-06-16 22:00:00,2968894
76.6,55.4,75.9,59.4,2026-06-16 22:20:00,2968894
76.3,55.6,75.7,59.3,2026-06-16 22:40:00,2968894
75.9,56.4,75.4,59.3,2026-06-16 23:00:00,2968894
75.5,57.6,75.0,59.5,2026-06-16 23:20:00,2968894
75.0,58.8,74.7,59.6,2026-06-16 23:40:00,2968894
74.7,59.6,74.5,59.7,2026-06-17 00:00:00,2968894
74.2,60.6,74.1,59.8,2026-06-17 00:20:00,2968894
73.8,62.1,73.9,60.0,2026-06-17 00:40:00,2968894
73.4,63.8,73.8,60.4,2026-06-17 01:00:00,2968894
73.2,65.3,73.6,60.9,2026-06-17 01:20:00,2968894
73.0,66.6,73.4,61.2,2026-06-17 01:40:00,2968894
72.6,68.0,73.0,61.5,2026-06-17 02:00:00,2968894
72.0,69.6,72.7,61.5,2026-06-17 02:20:00,2968894
71.5,70.9,72.1,61.5,2026-06-17 02:40:00,2968894
71.3,72.7,72.1,62.1,2026-06-17 03:00:00,2968894
70.9,73.9,71.8,62.2,2026-06-17 03:20:00,2968894
70.6,75.4,71.4,62.4,2026-06-17 03:40:00,2968894
70.2,76.9,71.1,62.6,2026-06-17 04:00:00,2968894
70.0,78.2,70.7,62.9,2026-06-17 04:20:00,2968894
69.9,79.3,70.7,63.2,2026-06-17 04:40:00,2968894
69.7,80.2,70.5,63.4,2026-06-17 05:00:00,2968894
69.5,81.5,70.3,63.6,2026-06-17 05:20:00,2968894
69.3,82.1,70.2,63.6,2026-06-17 05:40:00,2968894
69.0,83.0,69.8,63.6,2026-06-17 06:00:00,2968894
68.7,83.6,69.6,63.6,2026-06-17 06:20:00,2968894
68.9,84.0,69.6,63.8,2026-06-17 06:40:00,2968894
69.2,83.6,70.0,64.0,2026-06-17 07:00:00,2968894
69.8,83.2,70.7,64.5,2026-06-17 07:20:00,2968894
70.9,82.0,72.1,65.1,2026-06-17 07:40:00,2968894
72.7,79.0,74.1,65.8,2026-06-17 08:00:00,2968894
74.9,75.0,76.1,66.4,2026-06-17 08:20:00,2968894
77.2,69.4,78.4,66.4,2026-06-17 08:40:00,2968894
79.5,64.0,81.7,66.3,2026-06-17 09:00:00,2968894
79.2,62.2,80.8,65.2,2026-06-17 09:20:00,2968894
81.6,57.1,83.3,64.9,2026-06-17 09:40:00,2968894
81.7,54.4,82.9,63.6,2026-06-17 10:00:00,2968894
82.8,49.3,83.7,61.9,2026-06-17 10:20:00,2968894
84.7,46.3,85.6,61.8,2026-06-17 10:40:00,2968894
87.0,41.7,88.2,60.9,2026-06-17 11:00:00,2968894
86.3,37.8,85.8,57.5,2026-06-17 11:20:00,2968894
87.4,34.4,86.4,55.9,2026-06-17 11:40:00,2968894
89.4,31.8,88.3,55.5,2026-06-17 12:00:00,2968894
87.0,36.6,86.5,57.3,2026-06-17 12:20:00,2968894
90.3,33.9,90.5,58.0,2026-06-17 12:40:00,2968894
88.8,33.9,88.3,56.8,2026-06-17 13:00:00,2968894
89.5,33.1,89.2,56.7,2026-06-17 13:20:00,2968894
92.3,30.2,92.1,56.6,2026-06-17 13:40:00,2968894
92.3,29.0,91.6,55.4,2026-06-17 14:00:00,2968894
91.9,30.0,91.6,56.0,2026-06-17 14:20:00,2968894
92.4,29.8,92.1,56.3,2026-06-17 14:40:00,2968894
94.0,27.9,93.7,55.9,2026-06-17 15:00:00,2968894
93.0,28.0,92.7,55.1,2026-06-17 15:20:00,2968894
91.4,29.8,90.5,55.4,2026-06-17 15:40:00,2968894
92.0,32.4,92.7,58.2,2026-06-17 16:00:00,2968894
93.4,29.3,93.2,56.6,2026-06-17 16:20:00,2968894
91.5,29.4,90.7,55.1,2026-06-17 16:40:00,2968894
93.5,29.3,93.6,56.8,2026-06-17 17:00:00,2968894
92.0,30.5,91.9,56.6,2026-06-17 17:20:00,2968894
92.5,30.7,92.7,57.2,2026-06-17 17:40:00,2968894
91.0,30.3,90.3,55.5,2026-06-17 18:00:00,2968894
91.4,31.9,91.8,57.3,2026-06-17 18:20:00,2968894
92.1,31.9,92.7,57.9,2026-06-17 18:40:00,2968894
90.8,32.4,90.7,57.2,2026-06-17 19:00:00,2968894
90.1,33.2,90.0,57.3,2026-06-17 19:20:00,2968894
89.5,34.5,89.6,57.8,2026-06-17 19:40:00,2968894
88.3,38.6,88.9,59.9,2026-06-17 20:00:00,2968894
87.2,42.3,88.5,61.5,2026-06-17 20:20:00,2968894
86.5,44.0,88.0,62.0,2026-06-17 20:40:00,2968894
85.7,45.7,87.3,62.3,2026-06-17 21:00:00,2968894
85.0,47.6,86.7,62.8,2026-06-17 21:20:00,2968894
84.0,50.6,85.6,63.7,2026-06-17 21:40:00,2968894
83.7,54.6,86.4,65.6,2026-06-17 22:00:00,2968894
83.7,56.5,86.9,66.6,2026-06-17 22:20:00,2968894
83.1,58.9,86.5,67.3,2026-06-17 22:40:00,2968894
82.6,61.2,86.0,67.9,2026-06-17 23:00:00,2968894
82.0,62.3,84.9,67.9,2026-06-17 23:20:00,2968894
81.6,63.9,84.7,68.1,2026-06-17 23:40:00,2968894
81.2,63.9,84.2,67.8,2026-06-18 00:00:00,2968894
81.0,63.3,83.8,67.4,2026-06-18 00:20:00,2968894
80.7,62.8,83.1,66.9,2026-06-18 00:40:00,2968894
80.4,62.8,82.9,66.6,2026-06-18 01:00:00,2968894
80.2,62.9,82.2,66.4,2026-06-18 01:20:00,2968894
79.9,63.0,81.9,66.2,2026-06-18 01:40:00,2968894
79.2,64.0,81.0,66.0,2026-06-18 02:00:00,2968894
78.7,65.2,80.4,66.0,2026-06-18 02:20:00,2968894
78.5,66.2,80.2,66.3,2026-06-18 02:40:00,2968894
78.3,66.7,80.1,66.4,2026-06-18 03:00:00,2968894
78.3,67.6,80.2,66.7,2026-06-18 03:20:00,2968894
78.1,69.3,80.2,67.2,2026-06-18 03:40:00,2968894
78.0,71.9,80.2,68.1,2026-06-18 04:00:00,2968894
77.7,75.0,80.1,69.1,2026-06-18 04:20:00,2968894
77.5,76.8,80.1,69.6,2026-06-18 04:40:00,2968894
77.1,78.4,79.5,69.9,2026-06-18 05:00:00,2968894
76.8,79.5,79.5,70.0,2026-06-18 05:20:00,2968894
76.6,80.4,78.8,70.1,2026-06-18 05:40:00,2968894
76.5,81.4,79.0,70.4,2026-06-18 06:00:00,2968894
76.4,81.9,78.8,70.4,2026-06-18 06:20:00,2968894
76.7,81.8,79.3,70.7,2026-06-18 06:40:00,2968894
77.1,81.3,80.1,70.9,2026-06-18 07:00:00,2968894
77.4,80.2,80.6,70.8,2026-06-18 07:20:00,2968894
77.6,80.0,81.0,71.0,2026-06-18 07:40:00,2968894
78.3,78.6,82.0,71.2,2026-06-18 08:00:00,2968894
80.0,76.1,84.7,71.8,2026-06-18 08:20:00,2968894
81.8,71.6,86.9,71.7,2026-06-18 08:40:00,2968894
81.1,71.5,85.6,71.0,2026-06-18 09:00:00,2968894
82.3,69.5,87.4,71.3,2026-06-18 09:20:00,2968894
83.4,67.1,89.2,71.3,2026-06-18 09:40:00,2968894
84.0,67.2,90.5,72.0,2026-06-18 10:00:00,2968894
84.4,64.7,90.9,71.2,2026-06-18 10:20:00,2968894
85.9,63.5,93.7,72.1,2026-06-18 10:40:00,2968894
88.3,58.4,96.4,71.8,2026-06-18 11:00:00,2968894
89.1,55.5,97.5,71.0,2026-06-18 11:20:00,2968894
89.6,53.6,97.7,70.6,2026-06-18 11:40:00,2968894
90.4,53.0,99.1,71.0,2026-06-18 12:00:00,2968894
91.9,50.4,100.9,70.8,2026-06-18 12:20:00,2968894
92.4,49.6,101.8,70.9,2026-06-18 12:40:00,2968894
94.0,47.8,104.0,71.1,2026-06-18 13:00:00,2968894
92.9,44.4,99.9,68.0,2026-06-18 13:20:00,2968894
93.4,44.8,100.8,68.7,2026-06-18 13:40:00,2968894
95.2,45.0,105.3,70.5,2026-06-18 14:00:00,2968894
96.2,43.8,106.3,70.5,2026-06-18 14:20:00,2968894
97.1,41.6,106.9,69.9,2026-06-18 14:40:00,2968894
95.8,42.9,104.9,69.6,2026-06-18 15:00:00,2968894
95.5,43.2,104.4,69.6,2026-06-18 15:20:00,2968894
85.8,50.8,88.9,65.5,2026-06-18 15:40:00,2968894
80.9,64.2,83.8,67.6,2026-06-18 16:00:00,2968894
82.8,68.2,88.3,71.2,2026-06-18 16:20:00,2968894
83.0,64.5,87.6,69.8,2026-06-18 16:40:00,2968894
86.1,60.1,92.7,70.6,2026-06-18 17:00:00,2968894
85.9,61.1,92.7,70.9,2026-06-18 17:20:00,2968894
86.8,59.5,93.9,71.0,2026-06-18 17:40:00,2968894
87.3,57.7,94.3,70.6,2026-06-18 18:00:00,2968894
87.2,57.8,94.1,70.5,2026-06-18 18:20:00,2968894
87.7,56.6,94.6,70.4,2026-06-18 18:40:00,2968894
87.2,56.6,93.6,70.0,2026-06-18 19:00:00,2968894
87.1,58.0,94.1,70.5,2026-06-18 19:20:00,2968894
86.7,58.7,93.4,70.5,2026-06-18 19:40:00,2968894
85.9,62.5,93.2,71.6,2026-06-18 20:00:00,2968894
85.1,65.2,92.7,72.1,2026-06-18 20:20:00,2968894
84.4,66.8,91.2,72.1,2026-06-18 20:40:00,2968894
83.4,71.0,90.5,73.0,2026-06-18 21:00:00,2968894
82.2,79.0,89.8,75.0,2026-06-18 21:20:00,2968894
75.9,88.9,79.2,72.4,2026-06-18 21:40:00,2968894
74.4,92.2,77.4,71.9,2026-06-18 22:00:00,2968894
74.4,94.0,77.7,72.5,2026-06-18 22:20:00,2968894
73.8,94.3,76.8,72.1,2026-06-18 22:40:00,2968894
73.8,94.8,76.8,72.2,2026-06-18 23:00:00,2968894
73.5,95.0,76.5,71.9,2026-06-18 23:20:00,2968894
73.4,95.4,76.3,72.0,2026-06-18 23:40:00,2968894
73.7,95.9,76.8,72.4,2026-06-19 00:00:00,2968894
73.5,96.2,76.5,72.4,2026-06-19 00:20:00,2968894
73.3,96.2,76.3,72.1,2026-06-19 00:40:00,2968894
73.4,96.3,76.3,72.2,2026-06-19 01:00:00,2968894
73.3,96.2,76.3,72.2,2026-06-19 01:20:00,2968894
73.1,96.1,75.9,71.9,2026-06-19 01:40:00,2968894
73.0,95.2,75.7,71.5,2026-06-19 02:00:00,2968894
72.7,95.3,75.4,71.3,2026-06-19 02:20:00,2968894
72.6,95.3,75.2,71.2,2026-06-19 02:40:00,2968894
72.6,95.3,75.2,71.2,2026-06-19 03:00:00,2968894
72.6,95.4,75.2,71.2,2026-06-19 03:20:00,2968894
72.6,95.6,75.2,71.2,2026-06-19 03:40:00,2968894
72.9,95.4,75.7,71.5,2026-06-19 04:00:00,2968894
72.5,95.7,74.8,71.2,2026-06-19 04:20:00,2968894
72.2,95.3,74.7,70.8,2026-06-19 04:40:00,2968894
71.5,95.3,73.6,70.1,2026-06-19 05:00:00,2968894
71.2,95.8,73.0,70.0,2026-06-19 05:20:00,2968894
70.9,96.2,72.9,69.7,2026-06-19 05:40:00,2968894
70.7,96.5,72.3,69.6,2026-06-19 06:00:00,2968894
70.4,96.7,72.1,69.4,2026-06-19 06:20:00,2968894
70.5,96.9,72.3,69.6,2026-06-19 06:40:00,2968894
70.6,97.1,72.3,69.7,2026-06-19 07:00:00,2968894
70.6,97.2,72.3,69.7,2026-06-19 07:20:00,2968894
71.0,97.1,72.9,70.1,2026-06-19 07:40:00,2968894
71.0,96.2,72.9,69.9,2026-06-19 08:00:00,2968894
71.3,97.1,73.4,70.4,2026-06-19 08:20:00,2968894
71.4,97.2,73.4,70.6,2026-06-19 08:40:00,2968894
72.0,97.2,74.5,71.1,2026-06-19 09:00:00,2968894
72.0,97.2,74.5,71.2,2026-06-19 09:20:00,2968894
72.2,97.1,74.7,71.3,2026-06-19 09:40:00,2968894
73.5,97.1,76.6,72.6,2026-06-19 10:00:00,2968894
74.2,95.4,77.5,72.7,2026-06-19 10:20:00,2968894
75.5,94.9,79.2,73.9,2026-06-19 10:40:00,2968894
76.4,92.5,80.2,74.0,2026-06-19 11:00:00,2968894
77.4,89.5,82.0,74.0,2026-06-19 11:20:00,2968894
78.4,87.1,83.7,74.2,2026-06-19 11:40:00,2968894
80.0,81.3,86.0,73.8,2026-06-19 12:00:00,2968894
79.9,79.0,85.1,72.8,2026-06-19 12:20:00,2968894
81.6,77.4,88.3,73.8,2026-06-19 12:40:00,2968894
83.0,76.3,91.2,74.8,2026-06-19 13:00:00,2968894
83.8,71.4,91.4,73.6,2026-06-19 13:20:00,2968894
85.4,68.0,94.1,73.6,2026-06-19 13:40:00,2968894
86.8,61.4,94.6,71.9,2026-06-19 14:00:00,2968894
86.8,58.8,93.7,70.7,2026-06-19 14:20:00,2968894
87.0,56.1,93.0,69.4,2026-06-19 14:40:00,2968894
88.7,55.0,95.9,70.4,2026-06-19 15:00:00,2968894
86.2,58.3,92.5,69.9,2026-06-19 15:20:00,2968894
87.8,54.5,94.1,69.3,2026-06-19 15:40:00,2968894
86.1,52.1,90.0,66.5,2026-06-19 16:00:00,2968894
88.6,45.6,91.9,64.9,2026-06-19 16:20:00,2968894
88.2,45.4,91.0,64.4,2026-06-19 16:40:00,2968894
88.8,43.3,91.4,63.6,2026-06-19 17:00:00,2968894
87.1,44.3,89.1,62.7,2026-06-19 17:20:00,2968894
87.1,42.8,88.7,61.8,2026-06-19 17:40:00,2968894
86.2,42.8,87.3,60.9,2026-06-19 18:00:00,2968894
85.9,43.8,86.9,61.3,2026-06-19 18:20:00,2968894
85.3,44.2,86.4,61.0,2026-06-19 18:40:00,2968894
85.6,43.4,86.4,60.8,2026-06-19 19:00:00,2968894
85.1,45.2,86.4,61.5,2026-06-19 19:20:00,2968894
83.8,45.8,84.0,60.7,2026-06-19 19:40:00,2968894
83.0,47.1,83.3,60.8,2026-06-19 20:00:00,2968894
82.2,44.9,81.7,58.7,2026-06-19 20:20:00,2968894
80.7,46.0,79.9,58.0,2026-06-19 20:40:00,2968894
79.4,46.5,78.4,57.1,2026-06-19 21:00:00,2968894
78.5,46.4,77.2,56.2,2026-06-19 21:20:00,2968894
77.5,48.3,76.1,56.4,2026-06-19 21:40:00,2968894
76.2,49.7,74.8,56.0,2026-06-19 22:00:00,2968894
75.1,51.9,74.1,56.2,2026-06-19 22:20:00,2968894
73.8,54.7,73.0,56.6,2026-06-19 22:40:00,2968894
73.3,54.7,72.7,56.0,2026-06-19 23:00:00,2968894
73.2,54.7,72.5,55.9,2026-06-19 23:20:00,2968894
72.3,55.3,71.8,55.4,2026-06-19 23:40:00,2968894
71.7,55.2,71.2,54.8,2026-06-20 00:00:00,2968894
70.8,56.8,70.5,54.7,2026-06-20 00:20:00,2968894
69.9,57.3,69.1,54.1,2026-06-20 00:40:00,2968894
68.9,59.6,68.0,54.3,2026-06-20 01:00:00,2968894
68.3,61.2,67.3,54.4,2026-06-20 01:20:00,2968894
68.2,60.9,67.3,54.2,2026-06-20 01:40:00,2968894
67.2,62.6,65.8,54.0,2026-06-20 02:00:00,2968894
66.7,64.6,65.3,54.4,2026-06-20 02:20:00,2968894
66.0,68.1,64.6,55.2,2026-06-20 02:40:00,2968894
66.2,66.7,64.9,54.8,2026-06-20 03:00:00,2968894
65.7,70.0,64.6,55.6,2026-06-20 03:20:00,2968894
65.1,73.8,64.0,56.5,2026-06-20 03:40:00,2968894
64.8,75.0,63.9,56.6,2026-06-20 04:00:00,2968894
64.1,79.3,63.7,57.5,2026-06-20 04:20:00,2968894
63.5,81.3,63.3,57.7,2026-06-20 04:40:00,2968894
63.2,82.6,63.1,57.8,2026-06-20 05:00:00,2968894
62.7,85.3,62.6,58.3,2026-06-20 05:20:00,2968894
62.5,87.9,62.6,58.8,2026-06-20 05:40:00,2968894
62.1,88.6,62.4,58.7,2026-06-20 06:00:00,2968894
62.3,90.3,62.8,59.5,2026-06-20 06:20:00,2968894
62.6,88.7,63.0,59.3,2026-06-20 06:40:00,2968894
64.0,89.7,64.2,60.9,2026-06-20 07:00:00,2968894
64.7,87.8,64.8,61.0,2026-06-20 07:20:00,2968894
66.1,81.9,66.0,60.5,2026-06-20 07:40:00,2968894
67.8,77.4,68.0,60.5,2026-06-20 08:00:00,2968894
71.4,71.2,72.0,61.6,2026-06-20 08:20:00,2968894
74.8,62.8,74.8,61.3,2026-06-20 08:40:00,2968894
77.2,57.6,77.0,61.1,2026-06-20 09:00:00,2968894
79.3,52.1,79.2,60.2,2026-06-20 09:20:00,2968894
81.8,49.4,82.0,61.1,2026-06-20 09:40:00,2968894
82.7,44.4,82.2,58.9,2026-06-20 10:00:00,2968894
83.2,40.0,82.2,56.4,2026-06-20 10:20:00,2968894
85.5,38.5,85.1,57.4,2026-06-20 10:40:00,2968894
86.3,34.3,84.9,54.9,2026-06-20 11:00:00,2968894
86.8,33.5,85.5,54.7,2026-06-20 11:20:00,2968894
87.3,30.7,85.5,52.8,2026-06-20 11:40:00,2968894
86.1,30.7,83.8,51.7,2026-06-20 12:00:00,2968894
88.4,30.8,86.7,53.7,2026-06-20 12:20:00,2968894
87.5,30.4,85.5,52.7,2026-06-20 12:40:00,2968894
86.6,30.9,84.6,52.3,2026-06-20 13:00:00,2968894
86.6,30.0,84.2,51.5,2026-06-20 13:20:00,2968894
87.6,31.2,86.0,53.5,2026-06-20 13:40:00,2968894
87.7,29.7,85.5,52.2,2026-06-20 14:00:00,2968894
88.2,30.8,86.5,53.5,2026-06-20 14:20:00,2968894
88.0,30.5,86.2,53.2,2026-06-20 14:40:00,2968894
88.6,30.1,86.9,53.3,2026-06-20 15:00:00,2968894
89.5,28.1,87.6,52.2,2026-06-20 15:20:00,2968894
89.5,29.6,88.0,53.5,2026-06-20 15:40:00,2968894
89.0,29.5,87.3,53.1,2026-06-20 16:00:00,2968894
90.6,27.9,89.1,53.0,2026-06-20 16:20:00,2968894
88.6,29.3,86.7,52.6,2026-06-20 16:40:00,2968894
90.5,26.9,88.7,51.9,2026-06-20 17:00:00,2968894
89.0,30.3,87.4,53.8,2026-06-20 17:20:00,2968894
88.5,30.4,86.9,53.5,2026-06-20 17:40:00,2968894
88.7,30.7,87.1,53.9,2026-06-20 18:00:00,2968894
87.2,32.3,85.5,53.9,2026-06-20 18:20:00,2968894
86.8,32.5,85.3,53.9,2026-06-20 18:40:00,2968894
86.7,32.3,84.9,53.6,2026-06-20 19:00:00,2968894
86.0,34.9,84.9,55.1,2026-06-20 19:20:00,2968894
85.5,35.5,84.4,55.1,2026-06-20 19:40:00,2968894
84.2,36.4,82.9,54.7,2026-06-20 20:00:00,2968894
82.7,39.2,81.1,55.4,2026-06-20 20:20:00,2968894
81.6,43.0,80.6,56.9,2026-06-20 20:40:00,2968894
80.2,45.8,79.2,57.5,2026-06-20 21:00:00,2968894
80.2,45.5,79.2,57.2,2026-06-20 21:20:00,2968894
79.9,47.3,79.0,58.0,2026-06-20 21:40:00,2968894
78.8,50.3,78.4,58.8,2026-06-20 22:00:00,2968894
78.4,51.0,77.7,58.8,2026-06-20 22:20:00,2968894
77.5,52.7,76.6,58.9,2026-06-20 22:40:00,2968894
76.6,53.4,75.9,58.5,2026-06-20 23:00:00,2968894
76.1,53.4,75.2,57.9,2026-06-20 23:20:00,2968894
75.8,54.9,75.0,58.4,2026-06-20 23:40:00,2968894
75.5,56.1,74.8,58.7,2026-06-21 00:00:00,2968894
75.4,55.1,74.8,58.2,2026-06-21 00:20:00,2968894
75.3,55.4,74.7,58.2,2026-06-21 00:40:00,2968894
74.4,57.7,73.9,58.6,2026-06-21 01:00:00,2968894
73.8,57.8,73.4,58.0,2026-06-21 01:20:00,2968894
73.0,62.6,73.0,59.5,2026-06-21 01:40:00,2968894
73.2,62.5,73.2,59.6,2026-06-21 02:00:00,2968894
73.1,65.5,73.4,60.8,2026-06-21 02:20:00,2968894
72.0,67.3,72.5,60.5,2026-06-21 02:40:00,2968894
71.3,69.5,72.0,60.9,2026-06-21 03:00:00,2968894
70.8,70.6,71.4,60.8,2026-06-21 03:20:00,2968894
70.2,72.8,70.7,61.1,2026-06-21 03:40:00,2968894
69.6,75.1,70.0,61.3,2026-06-21 04:00:00,2968894
69.3,77.0,69.8,61.8,2026-06-21 04:20:00,2968894
69.1,77.2,69.6,61.7,2026-06-21 04:40:00,2968894
68.6,80.3,69.1,62.2,2026-06-21 05:00:00,2968894
69.1,77.4,69.6,61.8,2026-06-21 05:20:00,2968894
68.5,80.3,68.9,62.2,2026-06-21 05:40:00,2968894
67.7,82.6,68.2,62.2,2026-06-21 06:00:00,2968894
66.8,86.6,67.5,62.7,2026-06-21 06:20:00,2968894
67.2,86.4,67.8,63.0,2026-06-21 06:40:00,2968894
67.6,86.0,68.2,63.3,2026-06-21 07:00:00,2968894
68.9,81.9,69.4,63.1,2026-06-21 07:20:00,2968894
71.1,78.0,72.1,63.9,2026-06-21 07:40:00,2968894
73.0,74.8,73.9,64.5,2026-06-21 08:00:00,2968894
75.3,70.5,76.3,65.0,2026-06-21 08:20:00,2968894
77.0,66.8,77.7,65.1,2026-06-21 08:40:00,2968894
80.6,61.7,82.6,66.2,2026-06-21 09:00:00,2968894
82.3,58.2,84.6,66.2,2026-06-21 09:20:00,2968894
84.4,54.8,87.8,66.4,2026-06-21 09:40:00,2968894
85.1,50.2,87.8,64.5,2026-06-21 10:00:00,2968894
87.0,42.9,88.3,61.8,2026-06-21 10:20:00,2968894
88.6,40.0,90.1,61.2,2026-06-21 10:40:00,2968894
90.9,39.6,94.1,62.9,2026-06-21 11:00:00,2968894
91.2,36.8,93.2,61.1,2026-06-21 11:20:00,2968894
91.2,35.0,92.8,59.8,2026-06-21 11:40:00,2968894
91.9,36.2,94.1,61.3,2026-06-21 12:00:00,2968894
93.0,36.5,96.1,62.5,2026-06-21 12:20:00,2968894
94.1,36.5,98.2,63.5,2026-06-21 12:40:00,2968894
93.2,34.4,95.4,60.9,2026-06-21 13:00:00,2968894
92.0,35.6,94.1,60.9,2026-06-21 13:20:00,2968894
93.3,35.7,96.3,62.1,2026-06-21 13:40:00,2968894
92.4,33.0,93.6,59.1,2026-06-21 14:00:00,2968894
92.8,32.5,93.9,59.0,2026-06-21 14:20:00,2968894
91.0,32.4,91.0,57.4,2026-06-21 14:40:00,2968894
93.5,34.0,95.7,60.9,2026-06-21 15:00:00,2968894
92.8,32.9,93.9,59.4,2026-06-21 15:20:00,2968894
91.5,34.2,92.7,59.4,2026-06-21 15:40:00,2968894
93.1,35.2,95.7,61.6,2026-06-21 16:00:00,2968894
94.1,34.1,97.0,61.5,2026-06-21 16:20:00,2968894
92.0,34.7,93.9,60.2,2026-06-21 16:40:00,2968894
91.4,36.9,93.6,61.3,2026-06-21 17:00:00,2968894
93.1,34.8,95.5,61.2,2026-06-21 17:20:00,2968894
91.2,35.4,92.7,60.1,2026-06-21 17:40:00,2968894
91.2,36.3,93.0,60.7,2026-06-21 18:00:00,2968894
90.1,37.9,92.1,61.0,2026-06-21 18:20:00,2968894
89.8,39.3,91.8,61.8,2026-06-21 18:40:00,2968894
89.3,41.0,91.8,62.5,2026-06-21 19:00:00,2968894
89.4,41.0,91.8,62.6,2026-06-21 19:20:00,2968894
88.4,42.2,90.3,62.5,2026-06-21 19:40:00,2968894
87.5,44.2,89.6,63.0,2026-06-21 20:00:00,2968894
87.0,45.5,89.1,63.4,2026-06-21 20:20:00,2968894
86.7,46.6,89.1,63.8,2026-06-21 20:40:00,2968894
86.9,46.2,89.1,63.8,2026-06-21 21:00:00,2968894
86.7,45.3,88.5,63.0,2026-06-21 21:20:00,2968894
85.6,46.6,87.3,62.8,2026-06-21 21:40:00,2968894
84.8,48.1,86.5,63.0,2026-06-21 22:00:00,2968894
84.0,49.1,85.6,62.9,2026-06-21 22:20:00,2968894
83.2,50.1,84.4,62.7,2026-06-21 22:40:00,2968894
82.1,51.7,82.9,62.6,2026-06-21 23:00:00,2968894
81.4,53.1,82.2,62.7,2026-06-21 23:20:00,2968894
80.7,54.5,81.5,62.8,2026-06-21 23:40:00,2968894
80.7,56.9,82.0,64.0,2026-06-22 00:00:00,2968894
80.3,60.6,82.0,65.4,2026-06-22 00:20:00,2968894
79.8,63.7,81.9,66.4,2026-06-22 00:40:00,2968894
79.2,66.5,81.5,67.1,2026-06-22 01:00:00,2968894
78.2,67.1,79.9,66.4,2026-06-22 01:20:00,2968894
77.6,69.9,79.3,67.0,2026-06-22 01:40:00,2968894
77.2,71.6,78.6,67.3,2026-06-22 02:00:00,2968894
76.8,73.6,78.6,67.7,2026-06-22 02:20:00,2968894
76.3,76.0,77.9,68.2,2026-06-22 02:40:00,2968894
76.1,76.9,77.9,68.3,2026-06-22 03:00:00,2968894
75.7,78.5,77.5,68.5,2026-06-22 03:20:00,2968894
74.9,80.1,76.8,68.4,2026-06-22 03:40:00,2968894
74.2,82.1,76.1,68.4,2026-06-22 04:00:00,2968894
73.9,83.8,75.9,68.6,2026-06-22 04:20:00,2968894
73.5,85.1,75.6,68.8,2026-06-22 04:40:00,2968894
73.1,86.9,75.2,69.0,2026-06-22 05:00:00,2968894
73.0,88.2,75.0,69.3,2026-06-22 05:20:00,2968894
72.4,89.4,74.5,69.1,2026-06-22 05:40:00,2968894
72.3,90.1,74.3,69.2,2026-06-22 06:00:00,2968894
72.3,90.7,74.3,69.4,2026-06-22 06:20:00,2968894
72.5,91.3,74.7,69.8,2026-06-22 06:40:00,2968894
73.0,91.2,75.4,70.2,2026-06-22 07:00:00,2968894
73.5,90.5,76.1,70.6,2026-06-22 07:20:00,2968894
74.5,89.8,77.4,71.3,2026-06-22 07:40:00,2968894
76.1,88.0,79.3,72.3,2026-06-22 08:00:00,2968894
79.1,83.5,84.6,73.7,2026-06-22 08:20:00,2968894
81.3,78.6,87.8,74.0,2026-06-22 08:40:00,2968894
82.1,74.3,88.3,73.1,2026-06-22 09:00:00,2968894
83.3,70.0,90.1,72.5,2026-06-22 09:20:00,2968894
85.4,68.0,94.1,73.6,2026-06-22 09:40:00,2968894
87.0,65.3,96.6,73.9,2026-06-22 10:00:00,2968894
86.6,64.3,95.5,73.1,2026-06-22 10:20:00,2968894
88.2,63.2,98.6,74.1,2026-06-22 10:40:00,2968894
89.1,60.0,99.3,73.3,2026-06-22 11:00:00,2968894
89.6,58.2,99.5,73.0,2026-06-22 11:20:00,2968894
90.4,54.9,100.0,72.0,2026-06-22 11:40:00,2968894
89.2,55.2,97.3,71.0,2026-06-22 12:00:00,2968894
90.7,54.6,100.8,72.1,2026-06-22 12:20:00,2968894
89.1,56.1,97.7,71.3,2026-06-22 12:40:00,2968894
89.7,51.0,96.6,69.2,2026-06-13 12:40:00,2968884
91.5,49.4,99.7,69.8,2026-06-13 13:00:00,2968884
92.9,49.2,102.6,71.0,2026-06-13 13:20:00,2968884
92.9,46.2,100.9,69.2,2026-06-13 13:40:00,2968884
93.9,45.8,102.4,69.8,2026-06-13 14:00:00,2968884
93.7,45.1,101.7,69.2,2026-06-13 14:20:00,2968884
92.9,45.2,100.2,68.5,2026-06-13 14:40:00,2968884
94.3,43.1,102.0,68.4,2026-06-13 15:00:00,2968884
94.4,44.2,102.6,69.2,2026-06-13 15:20:00,2968884
94.0,43.7,101.7,68.6,2026-06-13 15:40:00,2968884
95.7,40.6,103.6,67.9,2026-06-13 16:00:00,2968884
94.4,41.7,101.3,67.6,2026-06-13 16:20:00,2968884
95.1,39.7,101.7,66.8,2026-06-13 16:40:00,2968884
95.4,41.8,103.6,68.5,2026-06-13 17:00:00,2968884
95.6,41.2,103.6,68.3,2026-06-13 17:20:00,2968884
95.4,40.4,102.7,67.5,2026-06-13 17:40:00,2968884
94.1,41.9,101.1,67.4,2026-06-13 18:00:00,2968884
93.5,43.5,100.4,68.0,2026-06-13 18:20:00,2968884
93.2,43.1,99.9,67.5,2026-06-13 18:40:00,2968884
92.4,44.0,98.6,67.4,2026-06-13 19:00:00,2968884
92.0,45.1,98.4,67.7,2026-06-13 19:20:00,2968884
91.5,45.6,97.7,67.5,2026-06-13 19:40:00,2968884
91.1,46.4,97.3,67.7,2026-06-13 20:00:00,2968884
90.3,47.5,96.4,67.6,2026-06-13 20:20:00,2968884
88.7,50.2,94.3,67.8,2026-06-13 20:40:00,2968884
88.5,50.3,93.6,67.6,2026-06-13 21:00:00,2968884
87.5,53.0,92.8,68.3,2026-06-13 21:20:00,2968884
84.0,60.2,88.7,68.7,2026-06-13 21:40:00,2968884
82.9,63.8,87.1,69.4,2026-06-13 22:00:00,2968884
81.7,67.2,85.8,69.7,2026-06-13 22:20:00,2968884
80.7,70.1,84.7,70.1,2026-06-13 22:40:00,2968884
80.7,69.1,84.6,69.6,2026-06-13 23:00:00,2968884
80.4,69.2,84.0,69.4,2026-06-13 23:20:00,2968884
80.4,67.9,83.7,68.8,2026-06-13 23:40:00,2968884
80.0,67.7,83.1,68.4,2026-06-14 00:00:00,2968884
79.9,68.3,83.1,68.5,2026-06-14 00:20:00,2968884
79.6,69.0,82.8,68.5,2026-06-14 00:40:00,2968884
79.5,69.5,82.4,68.6,2026-06-14 01:00:00,2968884
78.8,71.1,81.5,68.6,2026-06-14 01:20:00,2968884
77.7,74.7,80.4,69.1,2026-06-14 01:40:00,2968884
76.5,78.5,78.6,69.3,2026-06-14 02:00:00,2968884
76.1,80.1,78.3,69.5,2026-06-14 02:20:00,2968884
75.8,81.7,78.1,69.8,2026-06-14 02:40:00,2968884
75.6,82.5,77.9,69.9,2026-06-14 03:00:00,2968884
75.3,83.6,77.7,70.0,2026-06-14 03:20:00,2968884
75.0,84.6,77.4,70.1,2026-06-14 03:40:00,2968884
74.6,85.7,76.8,70.0,2026-06-14 04:00:00,2968884
74.2,86.5,76.6,70.0,2026-06-14 04:20:00,2968884
74.1,87.3,76.5,70.1,2026-06-14 04:40:00,2968884
73.8,87.8,76.3,70.0,2026-06-14 05:00:00,2968884
73.5,88.4,75.7,69.9,2026-06-14 05:20:00,2968884
73.3,89.1,75.6,69.9,2026-06-14 05:40:00,2968884
73.4,89.2,75.6,70.0,2026-06-14 06:00:00,2968884
73.4,89.1,75.9,70.0,2026-06-14 06:20:00,2968884
73.5,89.5,75.9,70.2,2026-06-14 06:40:00,2968884
74.1,88.9,76.6,70.6,2026-06-14 07:00:00,2968884
75.1,87.3,77.9,71.0,2026-06-14 07:20:00,2968884
75.8,85.7,78.4,71.2,2026-06-14 07:40:00,2968884
77.3,83.7,80.8,72.0,2026-06-14 08:00:00,2968884
80.9,78.2,87.1,73.4,2026-06-14 08:20:00,2968884
81.4,75.2,87.3,72.8,2026-06-14 08:40:00,2968884
82.5,72.1,88.5,72.6,2026-06-14 09:00:00,2968884
83.9,70.3,91.4,73.2,2026-06-14 09:20:00,2968884
84.2,69.7,91.8,73.2,2026-06-14 09:40:00,2968884
85.4,67.7,94.1,73.5,2026-06-14 10:00:00,2968884
86.6,64.1,95.4,73.0,2026-06-14 10:20:00,2968884
87.7,62.3,97.0,73.3,2026-06-14 10:40:00,2968884
88.6,59.3,97.7,72.6,2026-06-14 11:00:00,2968884
90.2,57.9,101.1,73.4,2026-06-14 11:20:00,2968884
91.4,53.9,101.7,72.3,2026-06-14 11:40:00,2968884
91.9,52.7,102.7,72.2,2026-06-14 12:00:00,2968884
92.9,47.8,101.7,70.2,2026-06-14 12:20:00,2968884
95.2,48.8,107.4,72.9,2026-06-14 12:40:00,2968884
93.9,48.8,104.4,71.7,2026-06-14 13:00:00,2968884
91.8,51.3,101.3,71.2,2026-06-14 13:20:00,2968884
93.0,50.9,104.0,72.2,2026-06-14 13:40:00,2968884
93.3,50.4,104.0,72.1,2026-06-14 14:00:00,2968884
94.4,45.2,103.1,69.9,2026-06-14 14:20:00,2968884
96.1,41.6,105.1,69.0,2026-06-14 14:40:00,2968884
96.4,39.8,104.4,68.0,2026-06-14 15:00:00,2968884
96.7,38.0,104.0,66.9,2026-06-14 15:20:00,2968884
96.4,38.6,103.6,67.1,2026-06-14 15:40:00,2968884
97.2,37.0,104.4,66.6,2026-06-14 16:00:00,2968884
98.1,37.6,106.5,67.8,2026-06-14 16:20:00,2968884
97.1,37.0,104.0,66.4,2026-06-14 16:40:00,2968884
95.7,39.1,102.9,66.8,2026-06-14 17:00:00,2968884
95.7,39.0,102.6,66.8,2026-06-14 17:20:00,2968884
95.9,38.4,102.7,66.5,2026-06-14 17:40:00,2968884
96.1,35.8,101.1,64.6,2026-06-14 18:00:00,2968884
91.5,45.4,97.5,67.4,2026-06-14 18:20:00,2968884
88.9,50.5,94.8,68.1,2026-06-14 18:40:00,2968884
87.3,53.9,92.8,68.5,2026-06-14 19:00:00,2968884
86.1,57.0,91.6,69.0,2026-06-14 19:20:00,2968884
85.7,58.3,91.4,69.4,2026-06-14 19:40:00,2968884
85.3,60.6,91.4,70.1,2026-06-14 20:00:00,2968884
84.3,62.7,89.8,70.2,2026-06-14 20:20:00,2968884
83.2,65.3,88.3,70.3,2026-06-14 20:40:00,2968884
82.7,67.3,87.6,70.8,2026-06-14 21:00:00,2968884
82.1,68.2,86.7,70.5,2026-06-14 21:20:00,2968884
82.0,68.4,86.5,70.5,2026-06-14 21:40:00,2968884
81.5,71.0,86.5,71.2,2026-06-14 22:00:00,2968884
81.0,73.1,86.2,71.6,2026-06-14 22:20:00,2968884
81.1,72.9,86.0,71.6,2026-06-14 22:40:00,2968884
81.2,72.3,86.2,71.4,2026-06-14 23:00:00,2968884
80.9,72.3,85.5,71.2,2026-06-14 23:20:00,2968884
80.8,72.2,85.5,71.0,2026-06-14 23:40:00,2968884
80.6,72.7,85.3,71.0,2026-06-15 00:00:00,2968884
80.4,73.1,84.7,71.0,2026-06-15 00:20:00,2968884
80.2,73.7,84.6,71.0,2026-06-15 00:40:00,2968884
80.0,74.1,84.4,71.0,2026-06-15 01:00:00,2968884
80.2,73.3,84.4,70.9,2026-06-15 01:20:00,2968884
80.3,73.3,84.7,71.0,2026-06-15 01:40:00,2968884
80.2,73.7,84.6,71.1,2026-06-15 02:00:00,2968884
80.2,73.9,84.6,71.1,2026-06-15 02:20:00,2968884
79.9,74.7,84.4,71.1,2026-06-15 02:40:00,2968884
79.7,75.2,83.8,71.1,2026-06-15 03:00:00,2968884
79.5,75.6,83.8,71.2,2026-06-15 03:20:00,2968884
79.2,76.4,83.5,71.1,2026-06-15 03:40:00,2968884
78.6,77.3,82.2,70.9,2026-06-15 04:00:00,2968884
78.0,78.2,81.3,70.6,2026-06-15 04:20:00,2968884
77.6,79.2,80.8,70.6,2026-06-15 04:40:00,2968884
77.0,79.6,79.9,70.2,2026-06-15 05:00:00,2968884
76.8,78.8,79.0,69.7,2026-06-15 05:20:00,2968884
76.5,76.8,78.4,68.6,2026-06-15 05:40:00,2968884
76.3,76.4,78.1,68.4,2026-06-15 06:00:00,2968884
76.1,76.1,77.7,68.1,2026-06-15 06:20:00,2968884
76.3,75.8,77.9,68.1,2026-06-15 06:40:00,2968884
76.7,71.8,77.9,67.0,2026-06-15 07:00:00,2968884
76.9,68.9,77.9,65.9,2026-06-15 07:20:00,2968884
77.0,65.9,77.5,64.7,2026-06-15 07:40:00,2968884
76.6,63.6,76.8,63.3,2026-06-15 08:00:00,2968884
80.7,56.6,81.9,63.8,2026-06-15 08:20:00,2968884
78.2,55.7,78.1,61.1,2026-06-15 08:40:00,2968884
79.5,50.6,79.2,59.5,2026-06-15 09:00:00,2968884
78.8,49.2,78.3,58.2,2026-06-15 09:20:00,2968884
78.6,46.0,77.2,56.1,2026-06-15 09:40:00,2968884
79.8,46.5,78.8,57.5,2026-06-15 10:00:00,2968884
80.6,46.5,79.7,58.2,2026-06-15 10:20:00,2968884
81.0,45.2,80.2,57.8,2026-06-15 10:40:00,2968884
82.4,44.3,81.7,58.5,2026-06-15 11:00:00,2968884
83.1,44.0,82.6,58.9,2026-06-15 11:20:00,2968884
83.6,41.9,82.9,58.0,2026-06-15 11:40:00,2968884
82.5,41.2,81.3,56.6,2026-06-15 12:00:00,2968884
82.9,41.5,81.9,57.2,2026-06-15 12:20:00,2968884
83.3,38.1,82.0,55.2,2026-06-15 12:40:00,2968884
84.5,38.2,83.5,56.3,2026-06-15 13:00:00,2968884
85.4,37.8,84.6,56.8,2026-06-15 13:20:00,2968884
85.6,36.3,84.6,55.9,2026-06-15 13:40:00,2968884
84.8,34.7,83.1,53.9,2026-06-15 14:00:00,2968884
86.3,34.5,84.9,55.0,2026-06-15 14:20:00,2968884
87.6,32.3,86.0,54.4,2026-06-15 14:40:00,2968884
88.0,33.6,87.3,55.8,2026-06-15 15:00:00,2968884
88.8,30.9,87.3,54.2,2026-06-15 15:20:00,2968884
88.2,29.6,86.2,52.6,2026-06-15 15:40:00,2968884
88.8,31.2,87.4,54.4,2026-06-15 16:00:00,2968884
88.9,32.9,88.2,56.0,2026-06-15 16:20:00,2968884
87.7,32.4,86.2,54.5,2026-06-15 16:40:00,2968884
88.2,32.6,87.1,55.1,2026-06-15 17:00:00,2968884
87.7,30.9,85.8,53.3,2026-06-15 17:20:00,2968884
87.4,31.0,85.5,53.0,2026-06-15 17:40:00,2968884
86.3,33.0,84.7,53.8,2026-06-15 18:00:00,2968884
85.2,33.6,83.5,53.4,2026-06-15 18:20:00,2968884
84.7,34.3,82.9,53.4,2026-06-15 18:40:00,2968884
84.1,35.2,82.4,53.6,2026-06-15 19:00:00,2968884
83.4,35.8,81.5,53.5,2026-06-15 19:20:00,2968884
82.9,36.7,81.0,53.7,2026-06-15 19:40:00,2968884
81.8,38.7,79.9,54.2,2026-06-15 20:00:00,2968884
80.8,40.1,79.2,54.3,2026-06-15 20:20:00,2968884
79.6,41.2,77.9,54.0,2026-06-15 20:40:00,2968884
78.5,41.5,76.6,53.2,2026-06-15 21:00:00,2968884
77.1,43.0,75.0,52.8,2026-06-15 21:20:00,2968884
76.1,45.2,74.3,53.3,2026-06-15 21:40:00,2968884
75.2,46.4,73.6,53.2,2026-06-15 22:00:00,2968884
74.1,48.9,72.9,53.6,2026-06-15 22:20:00,2968884
73.2,49.9,72.0,53.4,2026-06-15 22:40:00,2968884
72.5,51.4,71.6,53.5,2026-06-15 23:00:00,2968884
71.7,53.2,71.1,53.8,2026-06-15 23:20:00,2968884
70.9,54.6,70.3,53.7,2026-06-15 23:40:00,2968884
70.5,56.7,70.2,54.4,2026-06-16 00:00:00,2968884
70.1,57.1,69.4,54.2,2026-06-16 00:20:00,2968884
69.9,57.7,69.3,54.3,2026-06-16 00:40:00,2968884
69.7,57.1,68.9,53.8,2026-06-16 01:00:00,2968884
69.5,59.0,68.9,54.5,2026-06-16 01:20:00,2968884
69.5,58.5,68.9,54.3,2026-06-16 01:40:00,2968884
69.5,58.1,68.7,54.2,2026-06-16 02:00:00,2968884
69.5,57.4,68.7,53.8,2026-06-16 02:20:00,2968884
69.9,57.0,69.1,54.0,2026-06-16 02:40:00,2968884
69.3,57.8,68.5,53.8,2026-06-16 03:00:00,2968884
68.6,59.1,67.6,53.7,2026-06-16 03:20:00,2968884
68.6,57.7,67.5,53.2,2026-06-16 03:40:00,2968884
68.4,58.3,67.3,53.2,2026-06-16 04:00:00,2968884
67.9,59.4,66.6,53.3,2026-06-16 04:20:00,2968884
67.8,59.4,66.4,53.2,2026-06-16 04:40:00,2968884
67.3,60.5,66.0,53.2,2026-06-16 05:00:00,2968884
67.6,61.1,66.2,53.7,2026-06-16 05:20:00,2968884
67.3,60.3,66.0,53.1,2026-06-16 05:40:00,2968884
67.2,61.5,65.7,53.5,2026-06-16 06:00:00,2968884
67.2,62.2,65.8,53.9,2026-06-16 06:20:00,2968884
68.3,61.1,67.3,54.3,2026-06-16 06:40:00,2968884
68.5,60.2,67.5,54.2,2026-06-16 07:00:00,2968884
68.9,60.8,68.2,54.8,2026-06-16 07:20:00,2968884
69.1,60.2,68.5,54.8,2026-06-16 07:40:00,2968884
69.7,60.3,69.3,55.4,2026-06-16 08:00:00,2968884
69.7,60.1,69.3,55.2,2026-06-16 08:20:00,2968884
69.7,60.3,69.3,55.3,2026-06-16 08:40:00,2968884
70.7,59.2,70.3,55.7,2026-06-16 09:00:00,2968884
71.4,59.7,71.1,56.6,2026-06-16 09:20:00,2968884
71.7,56.8,71.2,55.6,2026-06-16 09:40:00,2968884
73.5,55.2,73.0,56.5,2026-06-16 10:00:00,2968884
73.7,53.9,73.0,56.0,2026-06-16 10:20:00,2968884
74.9,53.0,73.9,56.6,2026-06-16 10:40:00,2968884
76.4,50.9,75.2,56.9,2026-06-16 11:00:00,2968884
77.5,49.6,76.3,57.2,2026-06-16 11:20:00,2968884
77.1,50.6,75.9,57.4,2026-06-16 11:40:00,2968884
78.4,48.2,77.2,57.2,2026-06-16 12:00:00,2968884
78.5,46.6,77.2,56.4,2026-06-16 12:20:00,2968884
78.2,46.8,77.0,56.3,2026-06-16 12:40:00,2968884
78.8,47.5,77.9,57.2,2026-06-16 13:00:00,2968884
79.5,46.6,78.4,57.3,2026-06-16 13:20:00,2968884
81.1,42.6,79.7,56.2,2026-06-16 13:40:00,2968884
81.5,43.3,80.6,57.1,2026-06-16 14:00:00,2968884
82.5,41.4,81.3,56.7,2026-06-16 14:20:00,2968884
83.6,41.0,82.9,57.4,2026-06-16 14:40:00,2968884
84.4,40.1,83.7,57.5,2026-06-16 15:00:00,2968884
84.8,39.7,84.4,57.6,2026-06-16 15:20:00,2968884
83.4,42.3,82.9,58.1,2026-06-16 15:40:00,2968884
82.8,40.8,81.7,56.5,2026-06-16 16:00:00,2968884
83.4,43.9,83.1,59.1,2026-06-16 16:20:00,2968884
83.8,43.7,83.7,59.4,2026-06-16 16:40:00,2968884
83.7,43.5,83.7,59.1,2026-06-16 17:00:00,2968884
83.2,45.1,83.1,59.7,2026-06-16 17:20:00,2968884
82.6,45.9,82.4,59.7,2026-06-16 17:40:00,2968884
82.3,45.6,81.9,59.2,2026-06-16 18:00:00,2968884
81.8,46.6,81.3,59.4,2026-06-16 18:20:00,2968884
81.5,47.7,81.1,59.7,2026-06-16 18:40:00,2968884
81.0,49.0,81.0,60.1,2026-06-16 19:00:00,2968884
80.9,48.9,80.6,59.8,2026-06-16 19:20:00,2968884
80.7,49.2,80.6,59.9,2026-06-16 19:40:00,2968884
80.4,49.3,80.1,59.6,2026-06-16 20:00:00,2968884
79.9,49.8,79.5,59.5,2026-06-16 20:20:00,2968884
79.4,50.9,79.2,59.6,2026-06-16 20:40:00,2968884
78.8,52.1,78.6,59.8,2026-06-16 21:00:00,2968884
78.2,52.9,77.7,59.6,2026-06-16 21:20:00,2968884
77.4,54.1,76.8,59.5,2026-06-16 21:40:00,2968884
77.2,54.8,76.6,59.6,2026-06-16 22:00:00,2968884
76.8,55.1,76.1,59.5,2026-06-16 22:20:00,2968884
76.4,56.2,75.7,59.6,2026-06-16 22:40:00,2968884
75.8,57.5,75.4,59.7,2026-06-16 23:00:00,2968884
75.4,58.7,75.2,59.9,2026-06-16 23:20:00,2968884
75.2,58.8,75.0,59.8,2026-06-16 23:40:00,2968884
75.0,59.4,74.7,59.9,2026-06-17 00:00:00,2968884
74.6,60.6,74.5,60.1,2026-06-17 00:20:00,2968884
74.4,62.4,74.5,60.7,2026-06-17 00:40:00,2968884
73.8,63.9,74.1,60.8,2026-06-17 01:00:00,2968884
73.3,65.3,73.6,61.0,2026-06-17 01:20:00,2968884
72.8,66.9,73.2,61.1,2026-06-17 01:40:00,2968884
72.1,68.9,72.5,61.3,2026-06-17 02:00:00,2968884
72.0,69.9,72.7,61.6,2026-06-17 02:20:00,2968884
71.7,71.6,72.3,62.1,2026-06-17 02:40:00,2968884
71.5,73.0,72.3,62.3,2026-06-17 03:00:00,2968884
71.3,74.2,72.1,62.6,2026-06-17 03:20:00,2968884
71.0,75.5,72.0,62.9,2026-06-17 03:40:00,2968884
70.8,76.7,71.8,63.1,2026-06-17 04:00:00,2968884
70.4,77.6,71.2,63.1,2026-06-17 04:20:00,2968884
70.3,78.7,71.1,63.3,2026-06-17 04:40:00,2968884
70.0,79.6,70.9,63.4,2026-06-17 05:00:00,2968884
69.7,80.7,70.5,63.5,2026-06-17 05:20:00,2968884
69.6,81.4,70.5,63.7,2026-06-17 05:40:00,2968884
69.3,82.0,70.2,63.6,2026-06-17 06:00:00,2968884
68.9,83.0,69.8,63.5,2026-06-17 06:20:00,2968884
69.0,83.5,69.8,63.8,2026-06-17 06:40:00,2968884
69.6,83.2,70.7,64.3,2026-06-17 07:00:00,2968884
70.5,82.3,71.6,64.9,2026-06-17 07:20:00,2968884
71.5,80.8,72.7,65.3,2026-06-17 07:40:00,2968884
72.9,78.4,74.3,65.8,2026-06-17 08:00:00,2968884
75.8,72.1,77.0,66.2,2026-06-17 08:20:00,2968884
77.5,68.8,78.8,66.5,2026-06-17 08:40:00,2968884
80.9,62.5,83.3,66.8,2026-06-17 09:00:00,2968884
81.6,59.9,83.8,66.3,2026-06-17 09:20:00,2968884
81.3,56.9,82.8,64.5,2026-06-17 09:40:00,2968884
82.5,54.8,84.0,64.5,2026-06-17 10:00:00,2968884
82.4,50.7,82.9,62.2,2026-06-17 10:20:00,2968884
83.3,48.1,83.8,61.6,2026-06-17 10:40:00,2968884
84.8,46.1,86.0,61.8,2026-06-17 11:00:00,2968884
84.7,46.1,85.6,61.7,2026-06-17 11:20:00,2968884
85.0,43.1,85.5,60.1,2026-06-17 11:40:00,2968884
84.7,41.9,84.6,59.0,2026-06-17 12:00:00,2968884
86.1,41.1,86.5,59.7,2026-06-17 12:20:00,2968884
86.1,41.0,86.5,59.7,2026-06-17 12:40:00,2968884
87.6,38.5,87.8,59.2,2026-06-17 13:00:00,2968884
88.4,33.2,87.6,55.8,2026-06-17 13:20:00,2968884
89.0,33.0,88.3,56.1,2026-06-17 13:40:00,2968884
89.3,31.9,88.5,55.5,2026-06-17 14:00:00,2968884
90.4,31.4,90.0,56.0,2026-06-17 14:20:00,2968884
91.1,31.8,91.2,57.0,2026-06-17 14:40:00,2968884
92.4,32.9,93.6,59.0,2026-06-17 15:00:00,2968884
91.0,33.6,91.6,58.4,2026-06-17 15:20:00,2968884
90.9,33.5,91.6,58.3,2026-06-17 15:40:00,2968884
91.4,34.1,92.3,59.1,2026-06-17 16:00:00,2968884
92.4,34.6,94.3,60.4,2026-06-17 16:20:00,2968884
91.4,32.2,91.8,57.5,2026-06-17 16:40:00,2968884
91.2,33.7,92.3,58.7,2026-06-17 17:00:00,2968884
91.8,31.9,92.3,57.6,2026-06-17 17:20:00,2968884
92.3,31.2,92.5,57.5,2026-06-17 17:40:00,2968884
91.0,31.2,90.7,56.4,2026-06-17 18:00:00,2968884
90.4,33.2,90.5,57.6,2026-06-17 18:20:00,2968884
89.8,34.0,89.8,57.7,2026-06-17 18:40:00,2968884
89.4,34.6,89.4,57.8,2026-06-17 19:00:00,2968884
88.5,38.2,89.6,59.8,2026-06-17 19:20:00,2968884
88.0,40.8,89.4,61.2,2026-06-17 19:40:00,2968884
87.5,42.5,89.1,61.9,2026-06-17 20:00:00,2968884
86.6,44.2,88.2,62.3,2026-06-17 20:20:00,2968884
86.0,45.5,87.4,62.5,2026-06-17 20:40:00,2968884
85.3,47.4,87.3,63.0,2026-06-17 21:00:00,2968884
84.8,50.2,87.3,64.2,2026-06-17 21:20:00,2968884
84.2,53.0,86.9,65.2,2026-06-17 21:40:00,2968884
83.7,55.5,86.7,66.1,2026-06-17 22:00:00,2968884
83.6,57.7,86.9,67.1,2026-06-17 22:20:00,2968884
83.2,59.7,86.7,67.7,2026-06-17 22:40:00,2968884
82.5,61.7,85.8,68.0,2026-06-17 23:00:00,2968884
82.1,63.4,85.5,68.4,2026-06-17 23:20:00,2968884
81.5,64.8,84.9,68.5,2026-06-17 23:40:00,2968884
80.9,65.3,84.0,68.1,2026-06-18 00:00:00,2968884
80.4,65.3,83.1,67.7,2026-06-18 00:20:00,2968884
80.8,63.6,83.7,67.3,2026-06-18 00:40:00,2968884
80.4,63.3,82.6,66.8,2026-06-18 01:00:00,2968884
80.2,63.2,82.4,66.5,2026-06-18 01:20:00,2968884
79.9,63.4,82.0,66.3,2026-06-18 01:40:00,2968884
79.0,64.5,81.0,66.0,2026-06-18 02:00:00,2968884
78.4,66.0,79.9,66.1,2026-06-18 02:20:00,2968884
78.1,67.3,79.9,66.4,2026-06-18 02:40:00,2968884
77.6,68.6,79.2,66.5,2026-06-18 03:00:00,2968884
77.2,69.7,78.8,66.5,2026-06-18 03:20:00,2968884
77.5,71.6,79.2,67.6,2026-06-18 03:40:00,2968884
77.9,73.7,80.6,68.8,2026-06-18 04:00:00,2968884
77.6,75.9,80.2,69.4,2026-06-18 04:20:00,2968884
77.5,77.6,80.1,69.9,2026-06-18 04:40:00,2968884
77.2,79.0,80.1,70.2,2026-06-18 05:00:00,2968884
77.0,80.0,79.5,70.3,2026-06-18 05:20:00,2968884
76.6,80.8,79.3,70.3,2026-06-18 05:40:00,2968884
76.3,81.8,78.6,70.4,2026-06-18 06:00:00,2968884
76.1,82.7,78.4,70.4,2026-06-18 06:20:00,2968884
76.3,82.9,78.8,70.7,2026-06-18 06:40:00,2968884
76.8,82.5,79.5,71.0,2026-06-18 07:00:00,2968884
77.3,81.1,80.4,71.1,2026-06-18 07:20:00,2968884
77.6,80.5,81.1,71.2,2026-06-18 07:40:00,2968884
78.3,79.4,82.4,71.4,2026-06-18 08:00:00,2968884
79.4,77.7,84.0,71.9,2026-06-18 08:20:00,2968884
81.7,72.0,87.1,71.8,2026-06-18 08:40:00,2968884
81.4,72.3,86.5,71.7,2026-06-18 09:00:00,2968884
82.9,68.5,88.5,71.5,2026-06-18 09:20:00,2968884
84.7,67.5,92.3,72.7,2026-06-18 09:40:00,2968884
85.0,67.7,93.2,73.1,2026-06-18 10:00:00,2968884
85.1,64.3,91.9,71.7,2026-06-18 10:20:00,2968884
85.9,62.6,93.2,71.6,2026-06-18 10:40:00,2968884
87.2,60.5,95.0,71.9,2026-06-18 11:00:00,2968884
89.1,58.8,99.0,72.8,2026-06-18 11:20:00,2968884
89.9,56.1,99.5,72.2,2026-06-18 11:40:00,2968884
90.0,55.9,99.7,72.2,2026-06-18 12:00:00,2968884
91.1,54.3,101.5,72.3,2026-06-18 12:20:00,2968884
92.6,53.1,104.2,73.0,2026-06-18 12:40:00,2968884
93.1,50.1,103.6,71.7,2026-06-18 13:00:00,2968884
93.4,48.9,103.1,71.3,2026-06-18 13:20:00,2968884
94.7,46.0,104.5,70.7,2026-06-18 13:40:00,2968884
95.4,46.5,106.5,71.6,2026-06-18 14:00:00,2968884
95.4,46.1,106.2,71.4,2026-06-18 14:20:00,2968884
94.1,45.2,102.7,69.6,2026-06-18 14:40:00,2968884
96.7,43.3,107.2,70.8,2026-06-18 15:00:00,2968884
96.8,42.3,107.1,70.2,2026-06-18 15:20:00,2968884
92.7,45.8,100.2,68.8,2026-06-18 15:40:00,2968884
84.5,58.1,88.7,68.1,2026-06-18 16:00:00,2968884
78.3,75.9,81.7,70.1,2026-06-18 16:20:00,2968884
78.9,82.0,83.8,73.0,2026-06-18 16:40:00,2968884
81.8,75.3,88.0,73.2,2026-06-18 17:00:00,2968884
82.7,72.2,89.1,72.8,2026-06-18 17:20:00,2968884
84.4,65.9,91.4,71.8,2026-06-18 17:40:00,2968884
84.1,65.0,90.3,71.1,2026-06-18 18:00:00,2968884
84.4,65.2,91.0,71.5,2026-06-18 18:20:00,2968884
85.1,65.8,93.0,72.4,2026-06-18 18:40:00,2968884
84.8,66.9,92.5,72.6,2026-06-18 19:00:00,2968884
84.9,67.2,92.5,72.8,2026-06-18 19:20:00,2968884
84.2,68.8,91.9,72.9,2026-06-18 19:40:00,2968884
83.9,69.3,91.2,72.7,2026-06-18 20:00:00,2968884
83.3,70.6,90.3,72.8,2026-06-18 20:20:00,2968884
82.8,72.2,89.4,73.0,2026-06-18 20:40:00,2968884
82.7,73.2,89.4,73.2,2026-06-18 21:00:00,2968884
79.7,81.8,85.6,73.7,2026-06-18 21:20:00,2968884
76.9,91.5,81.1,74.2,2026-06-18 21:40:00,2968884
75.7,92.8,79.2,73.5,2026-06-18 22:00:00,2968884
74.8,93.9,78.1,72.9,2026-06-18 22:20:00,2968884
74.5,94.6,77.9,72.9,2026-06-18 22:40:00,2968884
74.2,94.8,77.4,72.6,2026-06-18 23:00:00,2968884
74.2,95.2,77.5,72.7,2026-06-18 23:20:00,2968884
73.8,95.3,77.0,72.4,2026-06-18 23:40:00,2968884
73.5,95.7,76.5,72.2,2026-06-19 00:00:00,2968884
73.5,95.8,76.5,72.2,2026-06-19 00:20:00,2968884
73.6,95.9,76.8,72.3,2026-06-19 00:40:00,2968884
73.5,95.9,76.5,72.3,2026-06-19 01:00:00,2968884
73.5,95.9,76.5,72.3,2026-06-19 01:20:00,2968884
73.4,95.2,76.5,71.9,2026-06-19 01:40:00,2968884
73.5,94.2,76.5,71.7,2026-06-19 02:00:00,2968884
73.3,93.8,75.9,71.3,2026-06-19 02:20:00,2968884
73.1,94.1,75.9,71.3,2026-06-19 02:40:00,2968884
73.0,94.2,75.6,71.2,2026-06-19 03:00:00,2968884
73.0,94.6,75.6,71.3,2026-06-19 03:20:00,2968884
73.1,94.4,75.9,71.4,2026-06-19 03:40:00,2968884
73.3,93.9,76.1,71.5,2026-06-19 04:00:00,2968884
73.0,93.8,75.4,71.0,2026-06-19 04:20:00,2968884
72.2,93.9,74.7,70.3,2026-06-19 04:40:00,2968884
71.7,94.9,73.9,70.2,2026-06-19 05:00:00,2968884
71.7,95.5,73.9,70.3,2026-06-19 05:20:00,2968884
71.2,95.8,73.0,69.9,2026-06-19 05:40:00,2968884
70.7,96.8,72.7,69.7,2026-06-19 06:00:00,2968884
70.6,97.1,72.3,69.7,2026-06-19 06:20:00,2968884
70.6,97.3,72.3,69.8,2026-06-19 06:40:00,2968884
70.7,97.5,72.3,69.9,2026-06-19 07:00:00,2968884
71.0,97.6,73.0,70.3,2026-06-19 07:20:00,2968884
71.1,97.6,73.2,70.4,2026-06-19 07:40:00,2968884
71.2,97.7,73.2,70.5,2026-06-19 08:00:00,2968884
71.2,97.7,73.2,70.5,2026-06-19 08:20:00,2968884
71.5,97.8,73.8,70.9,2026-06-19 08:40:00,2968884
72.1,97.8,74.7,71.4,2026-06-19 09:00:00,2968884
72.4,97.8,75.2,71.7,2026-06-19 09:20:00,2968884
72.5,97.8,75.4,71.8,2026-06-19 09:40:00,2968884
73.3,97.7,76.5,72.6,2026-06-19 10:00:00,2968884
74.2,97.5,77.7,73.5,2026-06-19 10:20:00,2968884
75.5,96.5,79.5,74.4,2026-06-19 10:40:00,2968884
75.8,95.5,79.9,74.4,2026-06-19 11:00:00,2968884
77.3,92.8,82.2,75.0,2026-06-19 11:20:00,2968884
77.6,91.3,82.9,74.9,2026-06-19 11:40:00,2968884
78.2,90.6,83.8,75.3,2026-06-19 12:00:00,2968884
79.3,89.9,86.2,76.1,2026-06-19 12:20:00,2968884
79.8,85.8,86.5,75.2,2026-06-19 12:40:00,2968884
81.2,82.5,88.9,75.4,2026-06-19 13:00:00,2968884
83.1,77.5,91.6,75.3,2026-06-19 13:20:00,2968884
84.7,72.4,94.1,74.8,2026-06-19 13:40:00,2968884
85.0,70.0,94.1,74.1,2026-06-19 14:00:00,2968884
85.3,63.7,92.1,71.6,2026-06-19 14:20:00,2968884
86.5,60.4,93.4,71.1,2026-06-19 14:40:00,2968884
86.1,63.1,93.9,72.1,2026-06-19 15:00:00,2968884
87.5,57.8,94.8,70.8,2026-06-19 15:20:00,2968884
87.1,59.9,94.6,71.5,2026-06-19 15:40:00,2968884
87.0,60.5,94.6,71.6,2026-06-19 16:00:00,2968884
86.4,55.5,91.8,68.6,2026-06-19 16:20:00,2968884
85.9,50.7,89.2,65.5,2026-06-19 16:40:00,2968884
85.3,51.4,88.5,65.4,2026-06-19 17:00:00,2968884
84.6,50.4,86.9,64.1,2026-06-19 17:20:00,2968884
84.4,49.3,86.4,63.3,2026-06-19 17:40:00,2968884
83.7,51.5,85.6,64.0,2026-06-19 18:00:00,2968884
83.3,52.0,85.1,63.8,2026-06-19 18:20:00,2968884
83.3,48.9,84.4,62.1,2026-06-19 18:40:00,2968884
82.6,50.6,83.1,62.4,2026-06-19 19:00:00,2968884
82.3,50.0,82.9,61.8,2026-06-19 19:20:00,2968884
81.5,51.8,82.2,62.1,2026-06-19 19:40:00,2968884
80.9,54.6,81.7,63.0,2026-06-19 20:00:00,2968884
80.0,56.3,80.8,63.1,2026-06-19 20:20:00,2968884
78.6,60.6,79.7,63.9,2026-06-19 20:40:00,2968884
77.2,62.7,77.7,63.5,2026-06-19 21:00:00,2968884
76.0,61.8,76.1,61.9,2026-06-19 21:20:00,2968884
75.0,62.8,75.0,61.4,2026-06-19 21:40:00,2968884
73.8,66.0,74.3,61.8,2026-06-19 22:00:00,2968884
73.1,67.7,73.6,61.8,2026-06-19 22:20:00,2968884
72.9,66.5,73.4,61.1,2026-06-19 22:40:00,2968884
72.6,67.4,73.0,61.2,2026-06-19 23:00:00,2968884
72.1,64.1,72.3,59.3,2026-06-19 23:20:00,2968884
71.2,64.7,71.4,58.7,2026-06-19 23:40:00,2968884
70.7,67.8,70.9,59.5,2026-06-20 00:00:00,2968884
70.1,66.4,70.2,58.4,2026-06-20 00:20:00,2968884
70.1,63.8,70.0,57.3,2026-06-20 00:40:00,2968884
69.0,67.7,68.7,57.8,2026-06-20 01:00:00,2968884
68.5,67.0,68.0,57.0,2026-06-20 01:20:00,2968884
67.9,66.9,67.3,56.5,2026-06-20 01:40:00,2968884
67.2,67.7,66.4,56.1,2026-06-20 02:00:00,2968884
66.5,69.3,65.5,56.1,2026-06-20 02:20:00,2968884
65.5,71.1,64.4,55.9,2026-06-20 02:40:00,2968884
64.6,74.0,63.5,56.1,2026-06-20 03:00:00,2968884
64.2,75.9,63.3,56.4,2026-06-20 03:20:00,2968884
63.7,77.3,63.1,56.5,2026-06-20 03:40:00,2968884
63.6,77.3,63.0,56.4,2026-06-20 04:00:00,2968884
63.0,78.1,62.4,56.1,2026-06-20 04:20:00,2968884
62.4,79.6,61.9,56.0,2026-06-20 04:40:00,2968884
61.9,80.6,61.5,55.9,2026-06-20 05:00:00,2968884
61.3,81.9,61.0,55.8,2026-06-20 05:20:00,2968884
60.8,83.4,60.6,55.7,2026-06-20 05:40:00,2968884
60.7,84.1,60.6,55.9,2026-06-20 06:00:00,2968884
60.7,84.8,60.6,56.1,2026-06-20 06:20:00,2968884
61.3,84.9,61.2,56.8,2026-06-20 06:40:00,2968884
62.6,84.7,62.4,57.9,2026-06-20 07:00:00,2968884
63.8,83.4,63.7,58.7,2026-06-20 07:20:00,2968884
65.1,81.2,64.9,59.2,2026-06-20 07:40:00,2968884
67.4,76.7,67.3,59.9,2026-06-20 08:00:00,2968884
73.5,67.2,73.9,62.0,2026-06-20 08:20:00,2968884
78.2,57.4,78.3,61.9,2026-06-20 08:40:00,2968884
78.5,52.0,78.1,59.5,2026-06-20 09:00:00,2968884
79.9,49.8,79.3,59.5,2026-06-20 09:20:00,2968884
80.9,49.0,80.6,60.0,2026-06-20 09:40:00,2968884
80.7,45.9,79.9,57.9,2026-06-20 10:00:00,2968884
81.8,45.3,81.1,58.5,2026-06-20 10:20:00,2968884
82.2,43.8,81.5,58.0,2026-06-20 10:40:00,2968884
82.1,38.6,80.2,54.5,2026-06-20 11:00:00,2968884
82.9,37.2,81.1,54.1,2026-06-20 11:20:00,2968884
83.9,36.0,82.2,54.1,2026-06-20 11:40:00,2968884
84.9,34.3,83.3,53.7,2026-06-20 12:00:00,2968884
85.0,32.4,82.9,52.2,2026-06-20 12:20:00,2968884
84.8,32.7,82.6,52.3,2026-06-20 12:40:00,2968884
85.5,37.1,84.7,56.4,2026-06-20 13:00:00,2968884
87.0,35.8,86.2,56.6,2026-06-20 13:20:00,2968884
86.1,32.7,84.2,53.3,2026-06-20 13:40:00,2968884
86.6,37.1,86.4,57.3,2026-06-20 14:00:00,2968884
86.9,32.6,85.5,54.0,2026-06-20 14:20:00,2968884
88.2,33.3,87.3,55.7,2026-06-20 14:40:00,2968884
87.4,35.0,86.5,56.4,2026-06-20 15:00:00,2968884
88.5,27.1,86.2,50.4,2026-06-20 15:20:00,2968884
88.8,31.8,87.8,55.0,2026-06-20 15:40:00,2968884
88.1,31.8,86.5,54.4,2026-06-20 16:00:00,2968884
89.0,34.9,88.9,57.7,2026-06-20 16:20:00,2968884
88.4,33.8,87.8,56.3,2026-06-20 16:40:00,2968884
88.5,32.4,87.4,55.3,2026-06-20 17:00:00,2968884
87.5,32.3,86.0,54.2,2026-06-20 17:20:00,2968884
87.5,30.4,85.5,52.6,2026-06-20 17:40:00,2968884
86.2,35.1,85.1,55.5,2026-06-20 18:00:00,2968884
85.9,37.0,85.1,56.6,2026-06-20 18:20:00,2968884
85.2,38.4,84.6,57.1,2026-06-20 18:40:00,2968884
84.7,37.5,83.5,55.9,2026-06-20 19:00:00,2968884
83.9,37.5,82.6,55.2,2026-06-20 19:20:00,2968884
83.4,40.0,82.2,56.5,2026-06-20 19:40:00,2968884
82.5,42.5,81.5,57.5,2026-06-20 20:00:00,2968884
81.3,43.6,80.1,57.1,2026-06-20 20:20:00,2968884
80.0,46.6,79.0,57.8,2026-06-20 20:40:00,2968884
78.9,48.7,78.1,58.0,2026-06-20 21:00:00,2968884
78.2,50.8,77.4,58.5,2026-06-20 21:20:00,2968884
77.4,51.6,76.5,58.2,2026-06-20 21:40:00,2968884
77.0,52.5,76.3,58.3,2026-06-20 22:00:00,2968884
76.6,56.1,76.1,59.8,2026-06-20 22:20:00,2968884
76.3,56.6,75.7,59.8,2026-06-20 22:40:00,2968884
75.6,57.0,75.2,59.3,2026-06-20 23:00:00,2968884
75.3,55.9,74.7,58.5,2026-06-20 23:20:00,2968884
75.0,55.4,74.3,57.9,2026-06-20 23:40:00,2968884
74.7,55.0,74.1,57.5,2026-06-21 00:00:00,2968884
75.1,53.8,74.3,57.2,2026-06-21 00:20:00,2968884
75.1,54.2,74.3,57.4,2026-06-21 00:40:00,2968884
75.0,54.4,74.1,57.5,2026-06-21 01:00:00,2968884
74.6,56.4,73.9,58.1,2026-06-21 01:20:00,2968884
74.0,57.6,73.6,58.1,2026-06-21 01:40:00,2968884
74.0,57.6,73.6,58.1,2026-06-21 02:00:00,2968884
73.5,59.3,73.2,58.4,2026-06-21 02:20:00,2968884
73.0,60.5,72.9,58.5,2026-06-21 02:40:00,2968884
72.6,62.9,72.7,59.3,2026-06-21 03:00:00,2968884
71.9,65.5,72.1,59.7,2026-06-21 03:20:00,2968884
71.5,66.2,72.0,59.6,2026-06-21 03:40:00,2968884
70.8,69.3,71.4,60.3,2026-06-21 04:00:00,2968884
70.3,70.4,70.5,60.2,2026-06-21 04:20:00,2968884
70.0,72.2,70.5,60.6,2026-06-21 04:40:00,2968884
69.7,72.3,70.0,60.4,2026-06-21 05:00:00,2968884
69.1,73.8,69.4,60.4,2026-06-21 05:20:00,2968884
67.7,76.5,67.6,60.1,2026-06-21 05:40:00,2968884
67.2,78.6,67.1,60.3,2026-06-21 06:00:00,2968884
67.0,79.5,67.1,60.4,2026-06-21 06:20:00,2968884
66.8,81.2,66.9,60.9,2026-06-21 06:40:00,2968884
67.7,81.4,68.0,61.8,2026-06-21 07:00:00,2968884
69.1,80.6,69.8,62.9,2026-06-21 07:20:00,2968884
70.9,79.9,72.1,64.4,2026-06-21 07:40:00,2968884
72.9,78.0,74.3,65.6,2026-06-21 08:00:00,2968884
76.7,70.2,77.7,66.2,2026-06-21 08:20:00,2968884
80.1,63.6,82.4,66.7,2026-06-21 08:40:00,2968884
82.2,57.0,84.4,65.5,2026-06-21 09:00:00,2968884
83.5,55.4,86.4,65.9,2026-06-21 09:20:00,2968884
83.8,54.5,86.4,65.6,2026-06-21 09:40:00,2968884
84.9,52.2,87.6,65.4,2026-06-21 10:00:00,2968884
84.6,48.7,86.4,63.1,2026-06-21 10:20:00,2968884
86.6,46.1,88.9,63.4,2026-06-21 10:40:00,2968884
86.2,42.2,87.3,60.5,2026-06-21 11:00:00,2968884
87.4,42.2,88.9,61.6,2026-06-21 11:20:00,2968884
87.5,42.0,88.9,61.5,2026-06-21 11:40:00,2968884
88.3,40.5,89.6,61.3,2026-06-21 12:00:00,2968884
88.9,39.1,90.3,60.9,2026-06-21 12:20:00,2968884
89.9,39.1,91.9,61.8,2026-06-21 12:40:00,2968884
89.0,39.0,90.3,60.8,2026-06-21 13:00:00,2968884
91.4,35.3,92.8,60.1,2026-06-21 13:20:00,2968884
91.2,35.2,92.8,59.9,2026-06-21 13:40:00,2968884
91.6,35.1,93.4,60.2,2026-06-21 14:00:00,2968884
90.7,37.2,92.8,61.1,2026-06-21 14:20:00,2968884
91.0,36.9,93.0,61.1,2026-06-21 14:40:00,2968884
92.3,39.3,96.4,64.0,2026-06-21 15:00:00,2968884
93.9,36.9,98.1,63.6,2026-06-21 15:20:00,2968884
91.9,35.0,93.7,60.4,2026-06-21 15:40:00,2968884
91.9,37.8,95.2,62.6,2026-06-21 16:00:00,2968884
91.2,37.1,93.6,61.4,2026-06-21 16:20:00,2968884
91.8,35.7,93.9,60.8,2026-06-21 16:40:00,2968884
92.1,35.4,94.5,60.9,2026-06-21 17:00:00,2968884
91.7,36.5,93.9,61.3,2026-06-21 17:20:00,2968884
92.0,35.2,94.1,60.7,2026-06-21 17:40:00,2968884
90.6,38.9,93.2,62.2,2026-06-21 18:00:00,2968884
90.4,39.3,93.0,62.2,2026-06-21 18:20:00,2968884
89.5,41.1,92.1,62.7,2026-06-21 18:40:00,2968884
89.5,40.8,91.9,62.6,2026-06-21 19:00:00,2968884
88.8,41.6,91.0,62.5,2026-06-21 19:20:00,2968884
88.0,43.0,90.1,62.7,2026-06-21 19:40:00,2968884
87.3,44.4,89.2,63.0,2026-06-21 20:00:00,2968884
87.5,45.3,90.0,63.7,2026-06-21 20:20:00,2968884
87.2,46.0,89.6,63.9,2026-06-21 20:40:00,2968884
86.8,46.0,89.1,63.5,2026-06-21 21:00:00,2968884
86.1,46.0,88.0,62.9,2026-06-21 21:20:00,2968884
85.2,47.5,87.1,63.0,2026-06-21 21:40:00,2968884
84.2,48.9,85.8,62.9,2026-06-21 22:00:00,2968884
83.4,50.1,84.7,62.9,2026-06-21 22:20:00,2968884
82.8,51.3,84.0,63.0,2026-06-21 22:40:00,2968884
82.0,52.1,82.8,62.7,2026-06-21 23:00:00,2968884
80.7,56.1,81.9,63.6,2026-06-21 23:20:00,2968884
81.4,54.9,82.4,63.6,2026-06-21 23:40:00,2968884
80.8,57.3,82.2,64.3,2026-06-22 00:00:00,2968884
80.5,62.1,82.8,66.3,2026-06-22 00:20:00,2968884
80.1,64.4,82.6,67.0,2026-06-22 00:40:00,2968884
79.5,66.3,81.9,67.3,2026-06-22 01:00:00,2968884
78.6,67.8,81.0,67.1,2026-06-22 01:20:00,2968884
78.2,69.9,80.2,67.5,2026-06-22 01:40:00,2968884
77.7,72.4,80.1,68.2,2026-06-22 02:00:00,2968884
77.5,74.1,79.7,68.5,2026-06-22 02:20:00,2968884
77.1,75.7,79.2,68.8,2026-06-22 02:40:00,2968884
76.6,77.0,78.4,68.8,2026-06-22 03:00:00,2968884
75.9,78.8,77.9,68.9,2026-06-22 03:20:00,2968884
75.5,80.8,77.5,69.2,2026-06-22 03:40:00,2968884
75.3,82.0,77.5,69.4,2026-06-22 04:00:00,2968884
74.9,83.4,77.2,69.5,2026-06-22 04:20:00,2968884
74.4,84.7,76.6,69.5,2026-06-22 04:40:00,2968884
74.0,86.1,76.3,69.5,2026-06-22 05:00:00,2968884
73.8,87.4,76.3,69.8,2026-06-22 05:20:00,2968884
73.4,88.5,75.7,69.8,2026-06-22 05:40:00,2968884
73.3,89.0,75.6,69.9,2026-06-22 06:00:00,2968884
73.2,89.3,75.4,69.9,2026-06-22 06:20:00,2968884
73.1,90.1,75.6,70.1,2026-06-22 06:40:00,2968884
73.8,90.6,76.5,70.9,2026-06-22 07:00:00,2968884
74.8,89.8,77.5,71.6,2026-06-22 07:20:00,2968884
75.8,88.5,78.8,72.1,2026-06-22 07:40:00,2968884
77.1,86.2,80.8,72.7,2026-06-22 08:00:00,2968884
80.7,80.9,87.3,74.3,2026-06-22 08:20:00,2968884
81.7,76.3,88.3,73.5,2026-06-22 08:40:00,2968884
83.3,73.9,91.4,74.1,2026-06-22 09:00:00,2968884
83.9,71.7,92.1,73.8,2026-06-22 09:20:00,2968884
84.6,70.6,93.4,73.9,2026-06-22 09:40:00,2968884
84.8,70.3,93.7,74.0,2026-06-22 10:00:00,2968884
85.4,69.4,94.6,74.2,2026-06-22 10:20:00,2968884
85.6,66.7,94.1,73.2,2026-06-22 10:40:00,2968884
87.6,66.0,98.2,74.8,2026-06-22 11:00:00,2968884
88.1,61.4,97.3,73.1,2026-06-22 11:20:00,2968884
89.1,59.7,99.3,73.2,2026-06-22 11:40:00,2968884
88.7,57.6,97.0,71.8,2026-06-22 12:00:00,2968884
89.1,58.1,98.6,72.4,2026-06-22 12:20:00,2968884
92.7,48.4,101.8,70.4,2026-06-13 12:40:00,2799141
98.1,42.2,109.8,71.2,2026-06-13 13:00:00,2799141
95.4,42.7,104.2,69.1,2026-06-13 13:20:00,2799141
97.7,41.3,108.3,70.2,2026-06-13 13:40:00,2799141
99.8,39.9,111.4,71.1,2026-06-13 14:00:00,2799141
96.0,39.7,103.6,67.6,2026-06-13 14:20:00,2799141
99.2,39.1,109.8,70.0,2026-06-13 14:40:00,2799141
98.0,36.4,105.3,66.7,2026-06-13 15:00:00,2799141
100.3,35.5,109.2,68.1,2026-06-13 15:20:00,2799141
100.0,37.6,110.1,69.6,2026-06-13 15:40:00,2799141
100.9,33.8,109.0,67.2,2026-06-13 16:00:00,2799141
100.7,35.5,109.9,68.5,2026-06-13 16:20:00,2799141
101.5,35.3,111.7,69.0,2026-06-13 16:40:00,2799141
103.8,32.4,113.5,68.5,2026-06-13 17:00:00,2799141
103.9,32.4,113.9,68.6,2026-06-13 17:20:00,2799141
104.8,33.1,116.4,69.9,2026-06-13 17:40:00,2799141
102.4,32.2,110.8,67.1,2026-06-13 18:00:00,2799141
104.4,32.5,115.2,69.1,2026-06-13 18:20:00,2799141
97.5,37.3,105.3,67.1,2026-06-13 18:40:00,2799141
94.7,40.6,101.5,67.0,2026-06-13 19:00:00,2799141
93.3,43.0,99.9,67.5,2026-06-13 19:20:00,2799141
92.4,44.5,98.8,67.6,2026-06-13 19:40:00,2799141
91.5,45.8,97.7,67.6,2026-06-13 20:00:00,2799141
90.7,47.1,97.0,67.8,2026-06-13 20:20:00,2799141
89.7,48.3,95.4,67.6,2026-06-13 20:40:00,2799141
88.7,50.2,94.3,67.8,2026-06-13 21:00:00,2799141
87.8,52.7,93.4,68.4,2026-06-13 21:20:00,2799141
84.2,60.4,89.1,69.0,2026-06-13 21:40:00,2799141
83.0,62.8,87.1,69.0,2026-06-13 22:00:00,2799141
81.7,66.0,85.6,69.2,2026-06-13 22:20:00,2799141
81.1,68.7,84.9,69.8,2026-06-13 22:40:00,2799141
80.9,69.4,84.9,69.9,2026-06-13 23:00:00,2799141
81.1,67.8,84.9,69.4,2026-06-13 23:20:00,2799141
81.1,65.8,84.4,68.6,2026-06-13 23:40:00,2799141
80.9,65.7,84.0,68.3,2026-06-14 00:00:00,2799141
80.9,65.7,84.0,68.3,2026-06-14 00:20:00,2799141
80.1,67.7,83.3,68.4,2026-06-14 00:40:00,2799141
78.3,70.7,80.8,68.0,2026-06-14 01:00:00,2799141
77.8,73.1,80.1,68.5,2026-06-14 01:20:00,2799141
77.0,75.5,79.2,68.6,2026-06-14 01:40:00,2799141
76.5,77.8,78.6,69.1,2026-06-14 02:00:00,2799141
76.0,80.5,78.3,69.6,2026-06-14 02:20:00,2799141
75.7,81.5,77.7,69.6,2026-06-14 02:40:00,2799141
75.3,83.2,77.5,69.8,2026-06-14 03:00:00,2799141
74.9,84.1,77.2,69.8,2026-06-14 03:20:00,2799141
74.3,85.4,76.6,69.6,2026-06-14 03:40:00,2799141
74.2,86.1,76.5,69.8,2026-06-14 04:00:00,2799141
74.2,86.6,76.6,69.9,2026-06-14 04:20:00,2799141
74.0,87.0,76.5,69.9,2026-06-14 04:40:00,2799141
73.7,87.7,76.1,69.9,2026-06-14 05:00:00,2799141
73.4,88.3,75.7,69.7,2026-06-14 05:20:00,2799141
73.1,88.8,75.4,69.6,2026-06-14 05:40:00,2799141
72.9,89.3,75.2,69.5,2026-06-14 06:00:00,2799141
72.6,89.9,74.7,69.5,2026-06-14 06:20:00,2799141
72.8,90.1,75.0,69.7,2026-06-14 06:40:00,2799141
73.2,90.2,75.7,70.2,2026-06-14 07:00:00,2799141
74.4,88.9,77.0,70.9,2026-06-14 07:20:00,2799141
75.3,87.1,78.1,71.2,2026-06-14 07:40:00,2799141
76.5,85.0,79.5,71.7,2026-06-14 08:00:00,2799141
78.0,82.5,82.0,72.2,2026-06-14 08:20:00,2799141
79.7,78.8,84.7,72.5,2026-06-14 08:40:00,2799141
81.3,76.2,87.1,73.1,2026-06-14 09:00:00,2799141
85.4,69.5,94.6,74.3,2026-06-14 09:20:00,2799141
84.1,68.0,91.2,72.4,2026-06-14 09:40:00,2799141
89.0,58.7,98.4,72.6,2026-06-14 10:00:00,2799141
91.3,56.4,103.1,73.7,2026-06-14 10:20:00,2799141
90.4,54.0,99.7,71.5,2026-06-14 10:40:00,2799141
93.6,52.1,106.0,73.4,2026-06-14 11:00:00,2799141
93.3,50.8,104.4,72.3,2026-06-14 11:20:00,2799141
94.9,47.8,106.2,72.0,2026-06-14 11:40:00,2799141
93.4,45.3,100.9,69.0,2026-06-14 12:00:00,2799141
96.1,44.7,106.5,71.1,2026-06-14 12:20:00,2799141
96.1,42.1,105.3,69.3,2026-06-14 12:40:00,2799141
94.5,46.0,104.2,70.5,2026-06-14 13:00:00,2799141
93.1,48.6,102.6,70.8,2026-06-14 13:20:00,2799141
96.6,46.9,109.4,73.0,2026-06-14 13:40:00,2799141
94.5,47.1,104.9,71.2,2026-06-14 14:00:00,2799141
96.1,45.1,107.2,71.4,2026-06-14 14:20:00,2799141
97.3,40.3,106.5,69.2,2026-06-14 14:40:00,2799141
99.1,37.2,108.0,68.5,2026-06-14 15:00:00,2799141
99.2,35.6,107.2,67.3,2026-06-14 15:20:00,2799141
100.5,36.4,110.3,69.0,2026-06-14 15:40:00,2799141
102.4,32.5,111.2,67.4,2026-06-14 16:00:00,2799141
101.0,31.6,107.6,65.4,2026-06-14 16:20:00,2799141
98.1,34.5,104.4,65.3,2026-06-14 16:40:00,2799141
97.0,37.8,104.5,67.0,2026-06-14 17:00:00,2799141
96.0,38.5,102.9,66.7,2026-06-14 17:20:00,2799141
96.3,36.9,102.6,65.7,2026-06-14 17:40:00,2799141
96.4,36.0,102.0,65.1,2026-06-14 18:00:00,2799141
90.4,46.4,95.9,67.1,2026-06-14 18:20:00,2799141
88.2,50.2,93.2,67.3,2026-06-14 18:40:00,2799141
87.0,53.5,92.1,68.1,2026-06-14 19:00:00,2799141
86.8,55.5,92.5,69.0,2026-06-14 19:20:00,2799141
85.7,58.1,91.2,69.3,2026-06-14 19:40:00,2799141
85.4,59.4,91.0,69.7,2026-06-14 20:00:00,2799141
84.1,62.3,89.2,69.8,2026-06-14 20:20:00,2799141
83.3,64.7,88.5,70.2,2026-06-14 20:40:00,2799141
82.8,66.4,87.8,70.5,2026-06-14 21:00:00,2799141
82.0,67.8,86.7,70.3,2026-06-14 21:20:00,2799141
81.8,68.2,86.2,70.3,2026-06-14 21:40:00,2799141
81.5,70.7,86.2,71.0,2026-06-14 22:00:00,2799141
81.2,72.9,86.4,71.7,2026-06-14 22:20:00,2799141
81.2,72.7,86.4,71.6,2026-06-14 22:40:00,2799141
80.9,73.0,85.8,71.5,2026-06-14 23:00:00,2799141
81.1,71.9,85.8,71.2,2026-06-14 23:20:00,2799141
81.1,71.7,85.8,71.1,2026-06-14 23:40:00,2799141
80.9,72.1,85.5,71.0,2026-06-15 00:00:00,2799141
80.7,72.4,85.3,71.0,2026-06-15 00:20:00,2799141
80.5,72.9,84.9,71.1,2026-06-15 00:40:00,2799141
80.3,73.2,84.7,71.0,2026-06-15 01:00:00,2799141
80.4,73.0,84.7,70.9,2026-06-15 01:20:00,2799141
80.5,72.7,84.9,70.9,2026-06-15 01:40:00,2799141
80.5,72.8,84.9,71.0,2026-06-15 02:00:00,2799141
80.4,73.1,84.7,71.0,2026-06-15 02:20:00,2799141
80.2,73.9,84.6,71.1,2026-06-15 02:40:00,2799141
80.1,74.2,84.6,71.2,2026-06-15 03:00:00,2799141
80.2,74.1,84.6,71.2,2026-06-15 03:20:00,2799141
79.9,74.9,84.0,71.2,2026-06-15 03:40:00,2799141
79.0,76.4,83.1,70.9,2026-06-15 04:00:00,2799141
78.3,77.4,81.9,70.7,2026-06-15 04:20:00,2799141
78.1,77.5,81.5,70.5,2026-06-15 04:40:00,2799141
77.4,78.6,80.4,70.2,2026-06-15 05:00:00,2799141
77.0,77.5,79.3,69.5,2026-06-15 05:20:00,2799141
76.9,75.1,78.8,68.4,2026-06-15 05:40:00,2799141
76.8,72.9,78.1,67.5,2026-06-15 06:00:00,2799141
77.3,68.8,78.4,66.3,2026-06-15 06:20:00,2799141
77.4,68.2,78.8,66.0,2026-06-15 06:40:00,2799141
77.3,65.7,78.1,64.9,2026-06-15 07:00:00,2799141
77.2,65.4,78.1,64.7,2026-06-15 07:20:00,2799141
76.9,63.7,77.4,63.7,2026-06-15 07:40:00,2799141
76.0,63.0,76.1,62.5,2026-06-15 08:00:00,2799141
76.4,60.0,76.1,61.5,2026-06-15 08:20:00,2799141
77.0,56.1,76.6,60.2,2026-06-15 08:40:00,2799141
78.0,50.5,77.2,58.1,2026-06-15 09:00:00,2799141
77.7,46.5,76.3,55.6,2026-06-15 09:20:00,2799141
78.6,46.8,77.7,56.6,2026-06-15 09:40:00,2799141
79.1,46.1,77.9,56.6,2026-06-15 10:00:00,2799141
79.3,45.8,78.1,56.6,2026-06-15 10:20:00,2799141
85.6,40.8,85.6,59.1,2026-06-15 10:40:00,2799141
86.3,38.2,86.0,57.8,2026-06-15 11:00:00,2799141
86.2,39.4,86.4,58.6,2026-06-15 11:20:00,2799141
87.2,37.3,87.1,58.0,2026-06-15 11:40:00,2799141
85.3,37.6,84.6,56.5,2026-06-15 12:00:00,2799141
87.9,36.4,87.8,57.9,2026-06-15 12:20:00,2799141
86.3,36.7,85.6,56.7,2026-06-15 12:40:00,2799141
87.9,34.2,87.1,56.2,2026-06-15 13:00:00,2799141
87.5,33.9,86.5,55.6,2026-06-15 13:20:00,2799141
89.6,33.8,89.4,57.4,2026-06-15 13:40:00,2799141
88.5,30.6,87.1,53.7,2026-06-15 14:00:00,2799141
90.7,31.0,90.3,55.9,2026-06-15 14:20:00,2799141
91.3,29.4,90.5,55.0,2026-06-15 14:40:00,2799141
91.2,28.5,90.3,54.1,2026-06-15 15:00:00,2799141
93.3,27.6,92.7,55.0,2026-06-15 15:20:00,2799141
94.8,24.8,93.7,53.2,2026-06-15 15:40:00,2799141
94.5,26.2,94.1,54.6,2026-06-15 16:00:00,2799141
94.6,26.4,94.1,54.8,2026-06-15 16:20:00,2799141
94.6,26.6,94.3,55.0,2026-06-15 16:40:00,2799141
95.6,26.6,95.9,55.9,2026-06-15 17:00:00,2799141
96.4,25.3,96.3,55.2,2026-06-15 17:20:00,2799141
94.5,24.5,93.2,52.7,2026-06-15 17:40:00,2799141
96.4,24.5,96.1,54.3,2026-06-15 18:00:00,2799141
93.7,26.0,92.5,53.6,2026-06-15 18:20:00,2799141
87.9,29.2,85.5,51.9,2026-06-15 18:40:00,2799141
85.3,31.8,83.1,51.9,2026-06-15 19:00:00,2799141
84.4,32.9,82.2,52.1,2026-06-15 19:20:00,2799141
83.7,34.6,81.7,52.8,2026-06-15 19:40:00,2799141
82.8,35.9,80.8,53.0,2026-06-15 20:00:00,2799141
81.6,36.8,79.3,52.7,2026-06-15 20:20:00,2799141
80.2,38.6,78.1,52.8,2026-06-15 20:40:00,2799141
78.8,40.1,77.0,52.6,2026-06-15 21:00:00,2799141
77.5,43.3,75.6,53.4,2026-06-15 21:20:00,2799141
75.7,46.4,73.9,53.7,2026-06-15 21:40:00,2799141
74.3,49.4,73.2,54.2,2026-06-15 22:00:00,2799141
73.1,51.6,72.1,54.2,2026-06-15 22:20:00,2799141
72.3,53.3,71.6,54.4,2026-06-15 22:40:00,2799141
71.6,55.0,71.1,54.6,2026-06-15 23:00:00,2799141
71.0,56.3,70.5,54.7,2026-06-15 23:20:00,2799141
70.4,57.0,70.0,54.4,2026-06-15 23:40:00,2799141
69.7,58.2,69.1,54.3,2026-06-16 00:00:00,2799141
69.5,58.9,68.9,54.5,2026-06-16 00:20:00,2799141
69.2,60.0,68.4,54.7,2026-06-16 00:40:00,2799141
68.9,60.4,68.0,54.6,2026-06-16 01:00:00,2799141
68.5,61.9,67.5,54.9,2026-06-16 01:20:00,2799141
68.6,62.2,67.8,55.1,2026-06-16 01:40:00,2799141
68.6,61.7,67.8,55.0,2026-06-16 02:00:00,2799141
68.8,60.8,68.0,54.7,2026-06-16 02:20:00,2799141
68.6,60.7,67.8,54.5,2026-06-16 02:40:00,2799141
67.9,62.4,66.9,54.6,2026-06-16 03:00:00,2799141
67.9,61.6,66.7,54.3,2026-06-16 03:20:00,2799141
68.1,59.4,66.7,53.5,2026-06-16 03:40:00,2799141
67.7,60.0,66.4,53.3,2026-06-16 04:00:00,2799141
67.4,60.3,66.0,53.1,2026-06-16 04:20:00,2799141
67.4,59.6,65.8,52.9,2026-06-16 04:40:00,2799141
67.0,60.7,65.5,53.0,2026-06-16 05:00:00,2799141
67.1,61.4,65.7,53.4,2026-06-16 05:20:00,2799141
67.2,61.5,65.7,53.5,2026-06-16 05:40:00,2799141
67.3,62.4,66.0,54.0,2026-06-16 06:00:00,2799141
67.3,61.9,66.0,53.8,2026-06-16 06:20:00,2799141
67.7,61.3,66.6,53.9,2026-06-16 06:40:00,2799141
68.3,60.7,67.3,54.2,2026-06-16 07:00:00,2799141
68.8,60.8,68.0,54.7,2026-06-16 07:20:00,2799141
69.3,61.1,68.7,55.3,2026-06-16 07:40:00,2799141
69.8,60.2,69.4,55.4,2026-06-16 08:00:00,2799141
70.5,59.6,70.3,55.8,2026-06-16 08:20:00,2799141
70.9,57.7,70.7,55.3,2026-06-16 08:40:00,2799141
72.3,57.0,72.0,56.3,2026-06-16 09:00:00,2799141
73.2,55.9,72.7,56.5,2026-06-16 09:20:00,2799141
73.8,53.4,73.0,55.9,2026-06-16 09:40:00,2799141
77.0,49.7,75.6,56.8,2026-06-16 10:00:00,2799141
78.2,49.2,77.2,57.5,2026-06-16 10:20:00,2799141
81.2,45.6,80.4,58.2,2026-06-16 10:40:00,2799141
80.6,43.8,79.5,56.6,2026-06-16 11:00:00,2799141
81.8,43.0,80.6,57.1,2026-06-16 11:20:00,2799141
80.2,44.9,79.0,56.8,2026-06-16 11:40:00,2799141
81.6,43.9,80.6,57.5,2026-06-16 12:00:00,2799141
80.5,43.9,79.3,56.6,2026-06-16 12:20:00,2799141
81.2,44.1,80.2,57.3,2026-06-16 12:40:00,2799141
80.2,44.1,79.0,56.4,2026-06-16 13:00:00,2799141
81.2,43.4,80.1,56.8,2026-06-16 13:20:00,2799141
85.3,39.2,84.9,57.7,2026-06-16 13:40:00,2799141
85.7,37.7,85.1,57.0,2026-06-16 14:00:00,2799141
87.9,36.0,87.6,57.6,2026-06-16 14:20:00,2799141
86.5,36.9,85.8,57.1,2026-06-16 14:40:00,2799141
86.4,38.0,86.2,57.7,2026-06-16 15:00:00,2799141
89.6,36.3,90.3,59.3,2026-06-16 15:20:00,2799141
89.7,34.0,89.8,57.6,2026-06-16 15:40:00,2799141
85.5,36.7,84.6,56.0,2026-06-16 16:00:00,2799141
84.0,40.1,83.5,57.2,2026-06-16 16:20:00,2799141
85.4,41.0,85.5,59.1,2026-06-16 16:40:00,2799141
84.9,41.3,85.1,58.9,2026-06-16 17:00:00,2799141
84.3,43.4,84.4,59.6,2026-06-16 17:20:00,2799141
84.8,43.0,85.3,59.9,2026-06-16 17:40:00,2799141
83.8,42.1,83.3,58.3,2026-06-16 18:00:00,2799141
82.8,44.3,82.4,58.9,2026-06-16 18:20:00,2799141
82.2,45.9,81.7,59.3,2026-06-16 18:40:00,2799141
81.6,47.4,81.3,59.7,2026-06-16 19:00:00,2799141
81.3,48.1,81.0,59.8,2026-06-16 19:20:00,2799141
81.1,47.8,80.8,59.5,2026-06-16 19:40:00,2799141
80.8,48.4,80.6,59.6,2026-06-16 20:00:00,2799141
80.3,49.4,80.1,59.6,2026-06-16 20:20:00,2799141
79.8,50.2,79.5,59.6,2026-06-16 20:40:00,2799141
79.1,51.7,78.6,59.8,2026-06-16 21:00:00,2799141
78.4,52.7,77.9,59.7,2026-06-16 21:20:00,2799141
77.8,53.1,77.2,59.4,2026-06-16 21:40:00,2799141
77.1,55.0,76.6,59.7,2026-06-16 22:00:00,2799141
76.7,55.1,76.1,59.4,2026-06-16 22:20:00,2799141
76.6,55.6,75.9,59.5,2026-06-16 22:40:00,2799141
76.1,56.7,75.7,59.6,2026-06-16 23:00:00,2799141
75.5,57.8,75.0,59.5,2026-06-16 23:20:00,2799141
75.4,58.3,75.0,59.7,2026-06-16 23:40:00,2799141
75.1,59.1,74.8,59.8,2026-06-17 00:00:00,2799141
74.9,60.1,74.8,60.1,2026-06-17 00:20:00,2799141
74.6,61.5,74.5,60.4,2026-06-17 00:40:00,2799141
74.1,63.0,74.1,60.7,2026-06-17 01:00:00,2799141
73.6,64.9,73.9,61.0,2026-06-17 01:20:00,2799141
72.9,66.3,73.4,61.0,2026-06-17 01:40:00,2799141
72.4,68.0,72.9,61.2,2026-06-17 02:00:00,2799141
72.0,69.6,72.7,61.5,2026-06-17 02:20:00,2799141
71.7,71.2,72.3,61.9,2026-06-17 02:40:00,2799141
71.6,72.6,72.5,62.3,2026-06-17 03:00:00,2799141
71.3,73.8,72.1,62.5,2026-06-17 03:20:00,2799141
71.0,75.2,72.0,62.7,2026-06-17 03:40:00,2799141
70.7,76.7,71.8,63.0,2026-06-17 04:00:00,2799141
70.5,77.8,71.4,63.2,2026-06-17 04:20:00,2799141
70.1,78.8,70.9,63.2,2026-06-17 04:40:00,2799141
70.1,80.0,70.9,63.6,2026-06-17 05:00:00,2799141
69.8,81.0,70.5,63.7,2026-06-17 05:20:00,2799141
69.4,81.8,70.2,63.6,2026-06-17 05:40:00,2799141
68.8,83.0,69.6,63.4,2026-06-17 06:00:00,2799141
68.1,84.4,68.7,63.2,2026-06-17 06:20:00,2799141
67.9,85.1,68.5,63.2,2026-06-17 06:40:00,2799141
68.4,85.8,69.3,63.9,2026-06-17 07:00:00,2799141
69.7,85.0,70.7,65.0,2026-06-17 07:20:00,2799141
71.1,82.6,72.5,65.5,2026-06-17 07:40:00,2799141
72.1,80.4,73.4,65.8,2026-06-17 08:00:00,2799141
73.3,78.3,74.7,66.1,2026-06-17 08:20:00,2799141
74.9,74.8,76.1,66.4,2026-06-17 08:40:00,2799141
75.6,71.9,76.6,65.9,2026-06-17 09:00:00,2799141
82.0,59.5,84.6,66.6,2026-06-17 09:20:00,2799141
84.0,53.9,86.5,65.5,2026-06-17 09:40:00,2799141
86.4,49.2,89.6,65.1,2026-06-17 10:00:00,2799141
87.5,47.7,90.9,65.2,2026-06-17 10:20:00,2799141
89.0,40.5,90.9,61.9,2026-06-17 10:40:00,2799141
89.5,39.6,91.6,61.7,2026-06-17 11:00:00,2799141
90.3,36.8,91.6,60.3,2026-06-17 11:20:00,2799141
92.3,36.6,95.0,61.9,2026-06-17 11:40:00,2799141
87.9,36.4,87.6,57.9,2026-06-17 12:00:00,2799141
94.3,33.0,96.8,60.7,2026-06-17 12:20:00,2799141
91.0,34.4,91.9,59.1,2026-06-17 12:40:00,2799141
91.2,31.7,91.0,57.0,2026-06-17 13:00:00,2799141
92.4,30.3,92.3,56.7,2026-06-17 13:20:00,2799141
93.2,30.1,93.4,57.3,2026-06-17 13:40:00,2799141
92.0,27.4,90.9,53.7,2026-06-17 14:00:00,2799141
92.4,28.9,91.8,55.5,2026-06-17 14:20:00,2799141
94.6,27.6,94.6,56.0,2026-06-17 14:40:00,2799141
93.4,30.4,94.1,57.8,2026-06-17 15:00:00,2799141
93.2,28.8,92.8,56.0,2026-06-17 15:20:00,2799141
97.3,28.7,99.3,59.5,2026-06-17 15:40:00,2799141
97.9,28.4,100.0,59.6,2026-06-17 16:00:00,2799141
98.9,28.1,101.5,60.2,2026-06-17 16:20:00,2799141
95.0,28.6,95.7,57.4,2026-06-17 16:40:00,2799141
96.9,27.3,98.1,57.7,2026-06-17 17:00:00,2799141
100.9,25.0,102.9,58.6,2026-06-17 17:20:00,2799141
97.6,23.8,97.5,54.5,2026-06-17 17:40:00,2799141
97.6,26.6,98.8,57.6,2026-06-17 18:00:00,2799141
97.9,26.7,99.3,57.9,2026-06-17 18:20:00,2799141
92.0,30.6,91.9,56.7,2026-06-17 18:40:00,2799141
91.1,31.5,90.9,56.7,2026-06-17 19:00:00,2799141
89.8,34.6,90.1,58.3,2026-06-17 19:20:00,2799141
89.0,38.8,90.3,60.6,2026-06-17 19:40:00,2799141
88.2,41.0,89.6,61.5,2026-06-17 20:00:00,2799141
87.3,42.7,88.9,61.9,2026-06-17 20:20:00,2799141
86.5,44.2,88.0,62.1,2026-06-17 20:40:00,2799141
85.8,45.7,87.3,62.4,2026-06-17 21:00:00,2799141
85.0,49.0,87.1,63.7,2026-06-17 21:20:00,2799141
84.2,52.6,86.9,65.0,2026-06-17 21:40:00,2799141
84.0,54.4,87.1,65.8,2026-06-17 22:00:00,2799141
83.8,56.5,86.9,66.6,2026-06-17 22:20:00,2799141
83.5,58.8,87.3,67.5,2026-06-17 22:40:00,2799141
82.9,60.3,86.2,67.7,2026-06-17 23:00:00,2799141
82.4,61.9,85.5,68.0,2026-06-17 23:20:00,2799141
81.9,63.7,85.3,68.4,2026-06-17 23:40:00,2799141
81.3,64.1,84.2,68.0,2026-06-18 00:00:00,2799141
80.9,64.1,83.8,67.7,2026-06-18 00:20:00,2799141
81.1,62.5,83.7,67.1,2026-06-18 00:40:00,2799141
80.8,62.3,83.3,66.7,2026-06-18 01:00:00,2799141
80.4,62.2,82.8,66.3,2026-06-18 01:20:00,2799141
80.2,62.4,82.2,66.2,2026-06-18 01:40:00,2799141
79.6,63.4,81.5,66.1,2026-06-18 02:00:00,2799141
78.9,65.0,80.8,66.1,2026-06-18 02:20:00,2799141
78.6,66.2,80.4,66.4,2026-06-18 02:40:00,2799141
78.2,67.5,79.9,66.5,2026-06-18 03:00:00,2799141
77.9,68.4,79.7,66.7,2026-06-18 03:20:00,2799141
77.7,70.4,79.3,67.3,2026-06-18 03:40:00,2799141
78.2,72.7,80.8,68.6,2026-06-18 04:00:00,2799141
78.2,74.9,81.0,69.6,2026-06-18 04:20:00,2799141
78.0,77.0,81.1,70.2,2026-06-18 04:40:00,2799141
77.6,78.4,80.6,70.3,2026-06-18 05:00:00,2799141
77.3,79.3,80.2,70.4,2026-06-18 05:20:00,2799141
77.0,80.2,79.9,70.4,2026-06-18 05:40:00,2799141
76.7,81.2,79.3,70.5,2026-06-18 06:00:00,2799141
76.5,82.1,79.2,70.7,2026-06-18 06:20:00,2799141
76.7,82.3,79.5,70.9,2026-06-18 06:40:00,2799141
77.2,81.8,80.4,71.2,2026-06-18 07:00:00,2799141
77.8,80.2,81.3,71.2,2026-06-18 07:20:00,2799141
77.9,80.0,81.3,71.2,2026-06-18 07:40:00,2799141
78.4,79.0,82.2,71.3,2026-06-18 08:00:00,2799141
78.9,77.7,82.9,71.4,2026-06-18 08:20:00,2799141
81.2,74.0,86.5,72.1,2026-06-18 08:40:00,2799141
81.4,72.1,86.5,71.6,2026-06-18 09:00:00,2799141
83.4,67.8,89.4,71.7,2026-06-18 09:20:00,2799141
86.3,65.0,95.0,73.1,2026-06-18 09:40:00,2799141
85.3,65.6,93.2,72.4,2026-06-18 10:00:00,2799141
86.0,63.4,93.6,72.1,2026-06-18 10:20:00,2799141
87.1,61.5,95.4,72.3,2026-06-18 10:40:00,2799141
89.5,58.1,99.3,72.8,2026-06-18 11:00:00,2799141
91.6,54.5,102.7,72.9,2026-06-18 11:20:00,2799141
92.6,50.0,102.2,71.2,2026-06-18 11:40:00,2799141
91.1,52.8,100.6,71.4,2026-06-18 12:00:00,2799141
92.4,51.6,102.9,72.1,2026-06-18 12:20:00,2799141
93.4,48.4,103.3,71.0,2026-06-18 12:40:00,2799141
95.2,46.8,106.3,71.7,2026-06-18 13:00:00,2799141
94.6,46.4,104.4,70.9,2026-06-18 13:20:00,2799141
96.9,43.7,108.0,71.2,2026-06-18 13:40:00,2799141
96.2,43.5,106.2,70.4,2026-06-18 14:00:00,2799141
96.3,43.3,106.5,70.3,2026-06-18 14:20:00,2799141
96.7,42.0,106.5,69.8,2026-06-18 14:40:00,2799141
97.6,41.1,107.8,70.0,2026-06-18 15:00:00,2799141
96.8,41.8,106.3,69.7,2026-06-18 15:20:00,2799141
91.4,44.3,96.6,66.6,2026-06-18 15:40:00,2799141
82.8,59.8,86.0,67.4,2026-06-18 16:00:00,2799141
78.5,72.9,81.3,69.1,2026-06-18 16:20:00,2799141
83.9,68.2,90.9,72.3,2026-06-18 16:40:00,2799141
90.9,56.1,102.0,73.1,2026-06-18 17:00:00,2799141
91.5,55.4,102.9,73.2,2026-06-18 17:20:00,2799141
91.1,53.8,101.3,72.1,2026-06-18 17:40:00,2799141
93.4,51.7,105.3,73.0,2026-06-18 18:00:00,2799141
95.6,48.2,108.3,72.9,2026-06-18 18:20:00,2799141
90.2,54.0,99.1,71.3,2026-06-18 18:40:00,2799141
87.5,58.9,95.2,71.4,2026-06-18 19:00:00,2799141
86.7,61.6,94.5,71.9,2026-06-18 19:20:00,2799141
85.6,64.0,93.0,72.1,2026-06-18 19:40:00,2799141
85.2,66.3,93.2,72.7,2026-06-18 20:00:00,2799141
84.3,68.2,91.8,72.6,2026-06-18 20:20:00,2799141
83.0,71.2,89.6,72.7,2026-06-18 20:40:00,2799141
82.8,73.7,89.8,73.5,2026-06-18 21:00:00,2799141
80.7,79.0,86.9,73.5,2026-06-18 21:20:00,2799141
77.6,89.3,82.4,74.2,2026-06-18 21:40:00,2799141
75.6,90.2,79.0,72.5,2026-06-18 22:00:00,2799141
75.3,92.0,78.6,72.8,2026-06-18 22:20:00,2799141
74.9,92.7,78.3,72.7,2026-06-18 22:40:00,2799141
74.9,93.3,78.3,72.8,2026-06-18 23:00:00,2799141
74.5,93.1,77.7,72.4,2026-06-18 23:20:00,2799141
74.2,93.2,77.2,72.1,2026-06-18 23:40:00,2799141
73.8,93.8,76.8,71.9,2026-06-19 00:00:00,2799141
73.8,93.9,76.8,71.9,2026-06-19 00:20:00,2799141
73.9,94.3,76.8,72.1,2026-06-19 00:40:00,2799141
74.0,94.2,77.2,72.2,2026-06-19 01:00:00,2799141
73.8,94.1,76.8,72.1,2026-06-19 01:20:00,2799141
73.8,93.3,76.6,71.8,2026-06-19 01:40:00,2799141
73.7,92.0,76.5,71.3,2026-06-19 02:00:00,2799141
73.7,91.8,76.5,71.2,2026-06-19 02:20:00,2799141
73.7,91.7,76.5,71.1,2026-06-19 02:40:00,2799141
73.5,91.6,76.1,70.9,2026-06-19 03:00:00,2799141
73.5,92.3,76.1,71.1,2026-06-19 03:20:00,2799141
73.5,92.5,76.1,71.2,2026-06-19 03:40:00,2799141
73.5,92.3,76.1,71.1,2026-06-19 04:00:00,2799141
73.2,92.0,75.6,70.7,2026-06-19 04:20:00,2799141
72.4,92.6,74.7,70.2,2026-06-19 04:40:00,2799141
72.0,93.3,74.1,70.0,2026-06-19 05:00:00,2799141
71.8,93.8,73.9,69.9,2026-06-19 05:20:00,2799141
71.4,94.2,73.4,69.6,2026-06-19 05:40:00,2799141
70.9,94.5,72.9,69.2,2026-06-19 06:00:00,2799141
70.8,95.0,72.7,69.3,2026-06-19 06:20:00,2799141
71.0,95.5,72.9,69.6,2026-06-19 06:40:00,2799141
70.8,95.7,72.7,69.5,2026-06-19 07:00:00,2799141
71.0,96.0,72.9,69.8,2026-06-19 07:20:00,2799141
71.2,96.1,73.0,70.0,2026-06-19 07:40:00,2799141
71.5,96.3,73.6,70.3,2026-06-19 08:00:00,2799141
71.5,96.3,73.6,70.3,2026-06-19 08:20:00,2799141
71.8,96.3,74.1,70.7,2026-06-19 08:40:00,2799141
72.6,96.2,75.2,71.4,2026-06-19 09:00:00,2799141
72.8,95.8,75.4,71.5,2026-06-19 09:20:00,2799141
72.7,95.7,75.4,71.4,2026-06-19 09:40:00,2799141
73.5,95.7,76.5,72.2,2026-06-19 10:00:00,2799141
74.9,93.3,78.3,72.8,2026-06-19 10:20:00,2799141
76.9,90.0,80.8,73.7,2026-06-19 10:40:00,2799141
77.0,87.4,80.6,72.9,2026-06-19 11:00:00,2799141
78.5,86.6,84.0,74.2,2026-06-19 11:20:00,2799141
79.5,82.8,85.3,73.8,2026-06-19 11:40:00,2799141
80.5,80.1,86.7,73.8,2026-06-19 12:00:00,2799141
82.0,75.2,88.3,73.3,2026-06-19 12:20:00,2799141
84.5,73.0,93.9,74.9,2026-06-19 12:40:00,2799141
84.7,68.7,92.7,73.2,2026-06-19 13:00:00,2799141
86.0,65.8,94.6,73.2,2026-06-19 13:20:00,2799141
86.5,64.4,95.2,73.1,2026-06-19 13:40:00,2799141
86.8,59.5,93.9,71.0,2026-06-19 14:00:00,2799141
87.9,59.3,96.1,72.0,2026-06-19 14:20:00,2799141
89.0,53.5,96.1,69.9,2026-06-19 14:40:00,2799141
90.0,55.9,99.7,72.1,2026-06-19 15:00:00,2799141
89.6,50.1,95.9,68.6,2026-06-19 15:20:00,2799141
92.2,51.6,102.6,71.8,2026-06-19 15:40:00,2799141
92.7,49.3,102.4,70.9,2026-06-19 16:00:00,2799141
93.1,45.0,100.6,68.6,2026-06-19 16:20:00,2799141
92.6,39.0,96.6,64.0,2026-06-19 16:40:00,2799141
93.5,38.0,97.7,64.1,2026-06-19 17:00:00,2799141
90.7,38.8,93.4,62.2,2026-06-19 17:20:00,2799141
93.9,37.9,98.4,64.4,2026-06-19 17:40:00,2799141
94.4,36.1,98.4,63.4,2026-06-19 18:00:00,2799141
93.1,36.2,96.3,62.4,2026-06-19 18:20:00,2799141
88.3,40.1,89.4,61.0,2026-06-19 18:40:00,2799141
86.1,42.4,86.9,60.6,2026-06-19 19:00:00,2799141
84.7,44.4,85.1,60.6,2026-06-19 19:20:00,2799141
83.8,46.3,84.2,61.0,2026-06-19 19:40:00,2799141
82.8,49.1,83.5,61.8,2026-06-19 20:00:00,2799141
81.6,51.7,82.0,62.1,2026-06-19 20:20:00,2799141
79.8,53.4,80.1,61.4,2026-06-19 20:40:00,2799141
78.6,52.7,78.4,59.9,2026-06-19 21:00:00,2799141
77.5,54.1,76.8,59.6,2026-06-19 21:20:00,2799141
76.1,56.5,75.6,59.5,2026-06-19 21:40:00,2799141
75.2,58.0,74.7,59.4,2026-06-19 22:00:00,2799141
74.4,58.0,73.9,58.6,2026-06-19 22:20:00,2799141
73.1,61.6,73.2,59.1,2026-06-19 22:40:00,2799141
72.9,59.4,72.7,57.9,2026-06-19 23:00:00,2799141
72.7,58.1,72.5,57.2,2026-06-19 23:20:00,2799141
71.6,63.8,72.0,58.7,2026-06-19 23:40:00,2799141
70.8,63.0,71.1,57.7,2026-06-20 00:00:00,2799141
70.0,66.6,70.2,58.4,2026-06-20 00:20:00,2799141
69.0,68.9,68.7,58.4,2026-06-20 00:40:00,2799141
68.6,67.5,68.2,57.4,2026-06-20 01:00:00,2799141
67.9,67.8,67.3,56.9,2026-06-20 01:20:00,2799141
67.4,70.2,66.7,57.4,2026-06-20 01:40:00,2799141
66.5,71.8,65.7,57.1,2026-06-20 02:00:00,2799141
65.7,73.8,64.9,57.1,2026-06-20 02:20:00,2799141
64.5,75.6,63.7,56.6,2026-06-20 02:40:00,2799141
64.1,77.6,63.5,56.9,2026-06-20 03:00:00,2799141
63.6,79.6,63.1,57.2,2026-06-20 03:20:00,2799141
62.9,81.9,62.6,57.2,2026-06-20 03:40:00,2799141
62.1,83.5,62.1,57.0,2026-06-20 04:00:00,2799141
61.7,84.5,61.7,57.0,2026-06-20 04:20:00,2799141
61.4,85.3,61.3,57.0,2026-06-20 04:40:00,2799141
60.7,85.9,60.6,56.4,2026-06-20 05:00:00,2799141
60.3,86.4,60.4,56.2,2026-06-20 05:20:00,2799141
60.0,87.5,60.1,56.2,2026-06-20 05:40:00,2799141
59.9,88.2,60.1,56.4,2026-06-20 06:00:00,2799141
59.8,88.3,60.1,56.3,2026-06-20 06:20:00,2799141
60.2,89.0,60.4,56.9,2026-06-20 06:40:00,2799141
61.1,88.9,61.3,57.7,2026-06-20 07:00:00,2799141
62.0,88.8,62.2,58.7,2026-06-20 07:20:00,2799141
62.9,88.9,63.1,59.5,2026-06-20 07:40:00,2799141
65.8,78.9,65.5,59.1,2026-06-20 08:00:00,2799141
69.5,69.2,69.6,58.9,2026-06-20 08:20:00,2799141
73.0,64.7,73.2,60.4,2026-06-20 08:40:00,2799141
73.4,61.1,73.2,59.2,2026-06-20 09:00:00,2799141
83.4,52.1,85.1,64.0,2026-06-20 09:20:00,2799141
85.1,44.5,85.8,61.0,2026-06-20 09:40:00,2799141
87.4,41.5,88.5,61.1,2026-06-20 10:00:00,2799141
87.8,38.9,88.5,59.7,2026-06-20 10:20:00,2799141
85.7,36.9,84.9,56.4,2026-06-20 10:40:00,2799141
88.9,34.7,88.7,57.5,2026-06-20 11:00:00,2799141
89.2,34.7,89.2,57.7,2026-06-20 11:20:00,2799141
90.4,32.0,90.1,56.5,2026-06-20 11:40:00,2799141
91.4,31.4,91.2,56.8,2026-06-20 12:00:00,2799141
87.0,27.8,84.2,49.8,2026-06-20 12:20:00,2799141
89.8,31.1,89.1,55.3,2026-06-20 12:40:00,2799141
88.2,30.0,86.2,52.8,2026-06-20 13:00:00,2799141
87.8,29.4,85.6,52.0,2026-06-20 13:20:00,2799141
89.9,28.9,88.3,53.4,2026-06-20 13:40:00,2799141
88.9,29.8,87.3,53.3,2026-06-20 14:00:00,2799141
90.4,30.2,89.4,55.0,2026-06-20 14:20:00,2799141
91.5,27.6,90.3,53.4,2026-06-20 14:40:00,2799141
93.7,28.2,93.7,55.9,2026-06-20 15:00:00,2799141
94.1,25.6,93.2,53.5,2026-06-20 15:20:00,2799141
94.3,24.7,92.8,52.7,2026-06-20 15:40:00,2799141
93.8,27.5,93.6,55.3,2026-06-20 16:00:00,2799141
96.4,25.9,96.6,55.9,2026-06-20 16:20:00,2799141
97.3,25.4,97.7,56.1,2026-06-20 16:40:00,2799141
96.1,25.8,96.3,55.5,2026-06-20 17:00:00,2799141
96.5,24.5,96.3,54.4,2026-06-20 17:20:00,2799141
97.3,26.8,98.4,57.6,2026-06-20 17:40:00,2799141
95.6,24.8,95.0,53.9,2026-06-20 18:00:00,2799141
95.9,25.6,95.9,55.1,2026-06-20 18:20:00,2799141
91.7,28.2,90.7,54.1,2026-06-20 18:40:00,2799141
87.9,31.0,86.0,53.5,2026-06-20 19:00:00,2799141
86.5,34.3,85.3,55.1,2026-06-20 19:20:00,2799141
85.0,36.8,83.8,55.6,2026-06-20 19:40:00,2799141
83.3,40.9,82.4,57.1,2026-06-20 20:00:00,2799141
82.5,41.6,81.3,56.8,2026-06-20 20:20:00,2799141
81.0,45.2,80.2,57.8,2026-06-20 20:40:00,2799141
80.1,47.6,79.5,58.4,2026-06-20 21:00:00,2799141
79.2,49.3,78.6,58.6,2026-06-20 21:20:00,2799141
78.5,51.1,77.9,58.9,2026-06-20 21:40:00,2799141
77.7,52.3,77.0,58.8,2026-06-20 22:00:00,2799141
77.4,52.5,76.6,58.7,2026-06-20 22:20:00,2799141
77.0,52.8,76.3,58.5,2026-06-20 22:40:00,2799141
77.0,51.9,76.3,58.0,2026-06-20 23:00:00,2799141
77.0,50.4,75.9,57.2,2026-06-20 23:20:00,2799141
76.6,53.8,75.9,58.6,2026-06-20 23:40:00,2799141
76.2,54.7,75.4,58.7,2026-06-21 00:00:00,2799141
75.8,55.4,75.2,58.7,2026-06-21 00:20:00,2799141
76.6,51.6,75.4,57.4,2026-06-21 00:40:00,2799141
76.1,55.7,75.4,59.1,2026-06-21 01:00:00,2799141
75.2,57.2,74.7,59.0,2026-06-21 01:20:00,2799141
74.3,56.6,73.6,57.9,2026-06-21 01:40:00,2799141
74.4,60.5,74.3,59.8,2026-06-21 02:00:00,2799141
73.1,63.7,73.4,60.1,2026-06-21 02:20:00,2799141
71.6,67.6,72.0,60.3,2026-06-21 02:40:00,2799141
70.4,68.6,70.7,59.6,2026-06-21 03:00:00,2799141
69.7,70.9,69.8,59.8,2026-06-21 03:20:00,2799141
68.7,73.1,68.9,59.8,2026-06-21 03:40:00,2799141
68.6,74.6,68.7,60.2,2026-06-21 04:00:00,2799141
68.2,75.9,68.4,60.3,2026-06-21 04:20:00,2799141
67.5,77.4,67.5,60.2,2026-06-21 04:40:00,2799141
67.0,79.5,67.1,60.4,2026-06-21 05:00:00,2799141
66.0,81.7,65.8,60.2,2026-06-21 05:20:00,2799141
65.7,83.0,65.8,60.4,2026-06-21 05:40:00,2799141
65.6,84.7,65.7,60.9,2026-06-21 06:00:00,2799141
65.6,85.1,65.7,61.0,2026-06-21 06:20:00,2799141
65.9,85.5,66.2,61.4,2026-06-21 06:40:00,2799141
66.6,85.4,66.9,62.0,2026-06-21 07:00:00,2799141
67.9,84.5,68.5,63.0,2026-06-21 07:20:00,2799141
69.3,83.8,70.3,64.1,2026-06-21 07:40:00,2799141
70.6,82.1,71.6,64.8,2026-06-21 08:00:00,2799141
72.4,78.3,73.6,65.3,2026-06-21 08:20:00,2799141
75.3,70.6,76.3,65.0,2026-06-21 08:40:00,2799141
76.7,66.8,77.4,64.8,2026-06-21 09:00:00,2799141
84.9,57.2,89.6,68.1,2026-06-21 09:20:00,2799141
83.8,50.7,85.5,63.6,2026-06-21 09:40:00,2799141
87.5,46.7,90.5,64.5,2026-06-21 10:00:00,2799141
91.0,43.0,95.5,65.4,2026-06-21 10:20:00,2799141
91.9,39.7,95.5,63.9,2026-06-21 10:40:00,2799141
94.1,37.7,98.8,64.4,2026-06-21 11:00:00,2799141
92.6,37.5,95.9,62.9,2026-06-21 11:20:00,2799141
95.4,36.4,100.6,64.5,2026-06-21 11:40:00,2799141
94.8,35.8,99.1,63.5,2026-06-21 12:00:00,2799141
97.6,33.2,102.4,63.8,2026-06-21 12:20:00,2799141
94.2,33.8,96.8,61.3,2026-06-21 12:40:00,2799141
92.4,33.0,93.6,59.2,2026-06-21 13:00:00,2799141
93.2,35.6,95.9,61.9,2026-06-21 13:20:00,2799141
95.0,31.3,97.0,59.9,2026-06-21 13:40:00,2799141
93.0,34.8,95.4,61.1,2026-06-21 14:00:00,2799141
92.3,32.5,93.2,58.6,2026-06-21 14:20:00,2799141
97.1,31.7,100.6,62.0,2026-06-21 14:40:00,2799141
95.7,34.2,99.5,63.0,2026-06-21 15:00:00,2799141
97.4,33.6,102.4,64.0,2026-06-21 15:20:00,2799141
97.9,31.2,101.8,62.3,2026-06-21 15:40:00,2799141
93.8,34.8,96.8,61.8,2026-06-21 16:00:00,2799141
93.0,33.7,94.8,60.2,2026-06-21 16:20:00,2799141
95.5,35.0,99.7,63.5,2026-06-21 16:40:00,2799141
97.7,31.8,101.8,62.7,2026-06-21 17:00:00,2799141
96.3,29.6,98.2,59.5,2026-06-21 17:20:00,2799141
94.1,32.3,96.1,60.0,2026-06-21 17:40:00,2799141
93.5,34.0,95.7,60.9,2026-06-21 18:00:00,2799141
92.3,36.5,95.2,61.8,2026-06-21 18:20:00,2799141
90.3,38.8,92.5,61.8,2026-06-21 18:40:00,2799141
90.4,40.3,93.4,63.0,2026-06-21 19:00:00,2799141
89.4,40.2,91.4,62.1,2026-06-21 19:20:00,2799141
88.6,42.6,90.9,63.0,2026-06-21 19:40:00,2799141
87.7,43.9,89.8,63.0,2026-06-21 20:00:00,2799141
87.4,46.0,90.0,64.1,2026-06-21 20:20:00,2799141
87.1,46.2,89.8,64.0,2026-06-21 20:40:00,2799141
87.0,45.3,89.1,63.3,2026-06-21 21:00:00,2799141
86.5,45.6,88.3,63.1,2026-06-21 21:20:00,2799141
85.2,47.6,87.1,63.0,2026-06-21 21:40:00,2799141
84.5,48.3,86.0,62.9,2026-06-21 22:00:00,2799141
83.5,50.2,85.1,63.0,2026-06-21 22:20:00,2799141
82.7,52.0,83.8,63.3,2026-06-21 22:40:00,2799141
81.8,52.8,82.6,62.9,2026-06-21 23:00:00,2799141
81.1,53.9,81.9,62.8,2026-06-21 23:20:00,2799141
81.1,55.3,82.2,63.5,2026-06-21 23:40:00,2799141
80.3,57.8,81.5,64.0,2026-06-22 00:00:00,2799141
80.0,60.7,81.7,65.2,2026-06-22 00:20:00,2799141
80.0,64.3,82.2,66.9,2026-06-22 00:40:00,2799141
79.2,66.2,81.5,66.9,2026-06-22 01:00:00,2799141
78.3,68.4,80.4,67.1,2026-06-22 01:20:00,2799141
78.0,70.0,80.1,67.4,2026-06-22 01:40:00,2799141
77.6,72.0,79.7,67.9,2026-06-22 02:00:00,2799141
77.5,74.2,79.7,68.6,2026-06-22 02:20:00,2799141
76.5,76.0,78.3,68.3,2026-06-22 02:40:00,2799141
76.1,78.1,77.9,68.7,2026-06-22 03:00:00,2799141
75.5,78.8,77.4,68.5,2026-06-22 03:20:00,2799141
74.7,80.4,76.6,68.2,2026-06-22 03:40:00,2799141
74.0,82.5,75.9,68.4,2026-06-22 04:00:00,2799141
73.9,84.5,75.9,68.9,2026-06-22 04:20:00,2799141
74.0,84.9,76.3,69.2,2026-06-22 04:40:00,2799141
73.3,85.6,75.2,68.6,2026-06-22 05:00:00,2799141
72.9,87.0,75.0,68.8,2026-06-22 05:20:00,2799141
72.5,87.8,74.3,68.6,2026-06-22 05:40:00,2799141
72.1,89.0,73.9,68.7,2026-06-22 06:00:00,2799141
71.8,89.6,73.8,68.6,2026-06-22 06:20:00,2799141
71.9,90.1,73.9,68.8,2026-06-22 06:40:00,2799141
72.3,90.8,74.3,69.4,2026-06-22 07:00:00,2799141
73.3,90.8,75.7,70.4,2026-06-22 07:20:00,2799141
74.8,89.7,77.5,71.5,2026-06-22 07:40:00,2799141
76.4,87.7,79.5,72.5,2026-06-22 08:00:00,2799141
77.9,85.1,82.2,73.0,2026-06-22 08:20:00,2799141
79.6,82.4,85.5,73.8,2026-06-22 08:40:00,2799141
80.6,79.2,86.7,73.5,2026-06-22 09:00:00,2799141
85.7,70.3,95.9,74.9,2026-06-22 09:20:00,2799141
88.1,63.9,98.6,74.3,2026-06-22 09:40:00,2799141
90.8,62.4,105.1,76.2,2026-06-22 10:00:00,2799141
90.1,60.0,102.2,74.4,2026-06-22 10:20:00,2799141
91.9,58.1,105.1,75.0,2026-06-22 10:40:00,2799141
91.1,56.3,102.4,73.4,2026-06-22 11:00:00,2799141
91.0,53.5,100.6,71.7,2026-06-22 11:20:00,2799141
92.2,55.6,104.7,74.0,2026-06-22 11:40:00,2799141
91.0,51.7,99.7,70.8,2026-06-22 12:00:00,2799141
92.4,52.1,103.3,72.3,2026-06-22 12:20:00,2799141
94.3,49.6,105.8,72.5,2026-06-22 12:40:00,2799141
91.8,49.0,100.0,69.9,2026-06-13 12:40:00,2974169
94.8,42.6,102.9,68.6,2026-06-13 13:00:00,2974169
94.2,44.0,102.0,68.9,2026-06-13 13:20:00,2974169
94.0,44.0,101.7,68.7,2026-06-13 13:40:00,2974169
95.7,41.3,104.2,68.4,2026-06-13 14:00:00,2974169
97.3,38.1,105.1,67.5,2026-06-13 14:20:00,2974169
96.6,38.8,104.0,67.4,2026-06-13 14:40:00,2974169
97.1,37.2,104.2,66.6,2026-06-13 15:00:00,2974169
98.8,36.7,107.2,67.7,2026-06-13 15:20:00,2974169
99.2,35.6,107.1,67.2,2026-06-13 15:40:00,2974169
97.0,36.5,103.3,66.0,2026-06-13 16:00:00,2974169
95.6,38.1,101.8,66.1,2026-06-13 16:20:00,2974169
98.9,36.2,106.9,67.5,2026-06-13 16:40:00,2974169
100.4,34.5,108.9,67.4,2026-06-13 17:00:00,2974169
99.8,35.3,108.0,67.5,2026-06-13 17:20:00,2974169
100.1,34.9,108.5,67.4,2026-06-13 17:40:00,2974169
101.2,34.7,110.5,68.3,2026-06-13 18:00:00,2974169
100.5,34.5,108.9,67.4,2026-06-13 18:20:00,2974169
98.9,35.5,106.3,66.9,2026-06-13 18:40:00,2974169
95.6,39.0,102.6,66.7,2026-06-13 19:00:00,2974169
94.3,41.1,100.6,67.0,2026-06-13 19:20:00,2974169
93.0,43.4,99.7,67.5,2026-06-13 19:40:00,2974169
92.1,44.8,98.6,67.6,2026-06-13 20:00:00,2974169
90.9,46.3,97.0,67.5,2026-06-13 20:20:00,2974169
89.8,48.1,95.5,67.6,2026-06-13 20:40:00,2974169
89.2,49.1,94.6,67.6,2026-06-13 21:00:00,2974169
88.8,49.9,94.1,67.7,2026-06-13 21:20:00,2974169
85.0,59.2,90.1,69.1,2026-06-13 21:40:00,2974169
82.9,63.8,87.1,69.3,2026-06-13 22:00:00,2974169
81.5,67.6,85.5,69.7,2026-06-13 22:20:00,2974169
81.0,69.8,85.3,70.2,2026-06-13 22:40:00,2974169
80.9,70.2,85.1,70.2,2026-06-13 23:00:00,2974169
81.4,68.8,85.6,70.1,2026-06-13 23:20:00,2974169
81.4,66.2,84.9,69.1,2026-06-13 23:40:00,2974169
81.4,65.3,84.7,68.6,2026-06-14 00:00:00,2974169
81.0,65.6,84.4,68.4,2026-06-14 00:20:00,2974169
80.7,66.3,84.0,68.4,2026-06-14 00:40:00,2974169
79.8,68.5,82.8,68.5,2026-06-14 01:00:00,2974169
78.7,70.9,81.5,68.4,2026-06-14 01:20:00,2974169
77.8,73.7,80.2,68.7,2026-06-14 01:40:00,2974169
77.1,76.7,79.3,69.2,2026-06-14 02:00:00,2974169
76.5,78.7,78.6,69.4,2026-06-14 02:20:00,2974169
76.2,80.1,78.3,69.6,2026-06-14 02:40:00,2974169
75.8,81.7,78.1,69.8,2026-06-14 03:00:00,2974169
75.8,82.1,78.3,69.9,2026-06-14 03:20:00,2974169
75.4,83.1,77.7,69.9,2026-06-14 03:40:00,2974169
74.9,84.6,77.4,70.0,2026-06-14 04:00:00,2974169
74.9,85.1,77.4,70.1,2026-06-14 04:20:00,2974169
74.5,86.3,77.0,70.2,2026-06-14 04:40:00,2974169
74.0,87.3,76.5,70.0,2026-06-14 05:00:00,2974169
73.7,88.0,76.1,69.9,2026-06-14 05:20:00,2974169
73.7,88.8,76.1,70.2,2026-06-14 05:40:00,2974169
73.4,89.1,75.9,70.0,2026-06-14 06:00:00,2974169
73.3,89.8,75.6,70.1,2026-06-14 06:20:00,2974169
73.4,90.0,75.9,70.3,2026-06-14 06:40:00,2974169
74.0,89.4,76.6,70.7,2026-06-14 07:00:00,2974169
74.8,88.0,77.4,71.0,2026-06-14 07:20:00,2974169
75.7,86.2,78.4,71.3,2026-06-14 07:40:00,2974169
77.0,83.7,80.4,71.7,2026-06-14 08:00:00,2974169
78.3,81.9,82.8,72.3,2026-06-14 08:20:00,2974169
79.8,78.5,84.9,72.6,2026-06-14 08:40:00,2974169
81.4,75.9,87.4,73.1,2026-06-14 09:00:00,2974169
82.3,74.0,88.7,73.2,2026-06-14 09:20:00,2974169
83.2,71.8,90.3,73.1,2026-06-14 09:40:00,2974169
84.2,69.9,91.9,73.3,2026-06-14 10:00:00,2974169
85.7,67.5,94.8,73.7,2026-06-14 10:20:00,2974169
87.7,64.5,98.1,74.3,2026-06-14 10:40:00,2974169
89.7,58.2,99.9,73.1,2026-06-14 11:00:00,2974169
92.1,55.3,104.2,73.8,2026-06-14 11:20:00,2974169
92.9,50.9,103.6,72.0,2026-06-14 11:40:00,2974169
94.6,47.1,104.9,71.3,2026-06-14 12:00:00,2974169
96.9,44.2,108.1,71.5,2026-06-14 12:20:00,2974169
97.0,43.1,107.6,70.8,2026-06-14 12:40:00,2974169
94.5,45.6,103.8,70.3,2026-06-14 13:00:00,2974169
96.0,45.3,107.1,71.4,2026-06-14 13:20:00,2974169
94.7,47.6,105.6,71.7,2026-06-14 13:40:00,2974169
95.5,45.0,105.4,70.7,2026-06-14 14:00:00,2974169
96.9,45.8,109.2,72.5,2026-06-14 14:20:00,2974169
97.2,40.5,106.5,69.2,2026-06-14 14:40:00,2974169
98.6,36.4,106.7,67.3,2026-06-14 15:00:00,2974169
99.0,35.1,106.3,66.6,2026-06-14 15:20:00,2974169
100.7,33.6,108.5,66.8,2026-06-14 15:40:00,2974169
101.6,34.3,110.8,68.2,2026-06-14 16:00:00,2974169
102.2,32.9,110.8,67.5,2026-06-14 16:20:00,2974169
99.1,34.9,106.3,66.6,2026-06-14 16:40:00,2974169
97.4,36.7,104.5,66.5,2026-06-14 17:00:00,2974169
96.2,38.2,102.9,66.7,2026-06-14 17:20:00,2974169
96.8,37.6,103.8,66.7,2026-06-14 17:40:00,2974169
92.4,41.4,97.3,65.6,2026-06-14 18:00:00,2974169
89.5,48.0,94.8,67.3,2026-06-14 18:20:00,2974169
87.6,51.4,92.7,67.5,2026-06-14 18:40:00,2974169
86.9,53.7,91.9,68.1,2026-06-14 19:00:00,2974169
86.5,55.2,91.8,68.5,2026-06-14 19:20:00,2974169
85.9,58.1,91.6,69.4,2026-06-14 19:40:00,2974169
85.4,59.0,90.9,69.4,2026-06-14 20:00:00,2974169
85.1,60.4,90.5,69.8,2026-06-14 20:20:00,2974169
84.2,61.9,89.1,69.7,2026-06-14 20:40:00,2974169
83.2,65.4,88.3,70.4,2026-06-14 21:00:00,2974169
82.0,68.4,86.9,70.6,2026-06-14 21:20:00,2974169
82.2,68.2,86.9,70.6,2026-06-14 21:40:00,2974169
81.9,70.6,87.1,71.4,2026-06-14 22:00:00,2974169
81.2,73.4,86.4,71.9,2026-06-14 22:20:00,2974169
81.3,73.3,86.4,71.9,2026-06-14 22:40:00,2974169
81.3,73.1,86.4,71.8,2026-06-14 23:00:00,2974169
81.2,72.4,86.4,71.5,2026-06-14 23:20:00,2974169
81.3,71.5,86.0,71.2,2026-06-14 23:40:00,2974169
81.3,71.5,86.0,71.2,2026-06-15 00:00:00,2974169
81.1,71.7,85.8,71.1,2026-06-15 00:20:00,2974169
80.8,72.4,85.6,71.1,2026-06-15 00:40:00,2974169
80.7,72.5,85.3,71.1,2026-06-15 01:00:00,2974169
80.6,72.5,85.3,70.9,2026-06-15 01:20:00,2974169
80.7,72.0,85.1,70.8,2026-06-15 01:40:00,2974169
80.8,71.9,85.5,70.9,2026-06-15 02:00:00,2974169
80.6,72.4,85.3,70.9,2026-06-15 02:20:00,2974169
80.4,73.2,84.7,71.0,2026-06-15 02:40:00,2974169
80.4,73.5,84.7,71.1,2026-06-15 03:00:00,2974169
80.4,73.3,85.1,71.1,2026-06-15 03:20:00,2974169
80.2,73.9,84.6,71.1,2026-06-15 03:40:00,2974169
80.1,73.8,84.6,70.9,2026-06-15 04:00:00,2974169
79.5,74.5,83.5,70.7,2026-06-15 04:20:00,2974169
79.2,74.9,83.1,70.6,2026-06-15 04:40:00,2974169
78.6,74.4,82.0,69.8,2026-06-15 05:00:00,2974169
78.3,75.1,81.5,69.7,2026-06-15 05:20:00,2974169
78.2,70.4,80.4,67.8,2026-06-15 05:40:00,2974169
77.7,68.1,79.3,66.4,2026-06-15 06:00:00,2974169
77.4,67.2,78.6,65.6,2026-06-15 06:20:00,2974169
77.3,66.1,78.3,65.1,2026-06-15 06:40:00,2974169
77.2,65.2,78.1,64.7,2026-06-15 07:00:00,2974169
77.0,63.6,77.5,63.7,2026-06-15 07:20:00,2974169
76.9,62.4,77.2,63.0,2026-06-15 07:40:00,2974169
76.2,62.5,76.3,62.4,2026-06-15 08:00:00,2974169
76.8,57.1,76.5,60.5,2026-06-15 08:20:00,2974169
76.9,53.0,75.9,58.5,2026-06-15 08:40:00,2974169
77.6,45.8,76.1,55.1,2026-06-15 09:00:00,2974169
77.5,46.2,75.9,55.2,2026-06-15 09:20:00,2974169
77.5,47.7,76.1,56.1,2026-06-15 09:40:00,2974169
77.6,49.0,76.5,56.9,2026-06-15 10:00:00,2974169
77.7,49.3,76.8,57.2,2026-06-15 10:20:00,2974169
78.5,49.0,77.7,57.8,2026-06-15 10:40:00,2974169
79.6,46.5,78.6,57.3,2026-06-15 11:00:00,2974169
81.4,43.1,80.2,56.8,2026-06-15 11:20:00,2974169
81.5,43.2,80.6,57.0,2026-06-15 11:40:00,2974169
83.3,40.8,82.2,57.0,2026-06-15 12:00:00,2974169
83.4,38.5,82.0,55.5,2026-06-15 12:20:00,2974169
84.7,38.0,83.7,56.3,2026-06-15 12:40:00,2974169
85.8,38.7,85.5,57.8,2026-06-15 13:00:00,2974169
84.2,36.5,82.9,54.7,2026-06-15 13:20:00,2974169
85.7,35.9,84.7,55.7,2026-06-15 13:40:00,2974169
85.7,34.5,84.2,54.6,2026-06-15 14:00:00,2974169
86.6,32.8,84.9,53.9,2026-06-15 14:20:00,2974169
85.6,30.7,83.1,51.2,2026-06-15 14:40:00,2974169
87.4,30.0,85.1,52.2,2026-06-15 15:00:00,2974169
88.2,30.0,86.4,52.9,2026-06-15 15:20:00,2974169
88.6,29.1,86.5,52.4,2026-06-15 15:40:00,2974169
88.7,30.3,87.1,53.6,2026-06-15 16:00:00,2974169
89.4,29.3,87.6,53.3,2026-06-15 16:20:00,2974169
90.2,29.4,88.9,54.1,2026-06-15 16:40:00,2974169
92.3,29.9,91.9,56.3,2026-06-15 17:00:00,2974169
91.2,28.3,90.1,53.9,2026-06-15 17:20:00,2974169
91.6,27.1,90.3,53.0,2026-06-15 17:40:00,2974169
90.0,27.6,88.3,52.1,2026-06-15 18:00:00,2974169
91.0,27.0,89.4,52.4,2026-06-15 18:20:00,2974169
89.8,27.9,88.0,52.2,2026-06-15 18:40:00,2974169
86.4,30.2,84.2,51.5,2026-06-15 19:00:00,2974169
85.4,31.6,83.1,51.9,2026-06-15 19:20:00,2974169
84.4,32.3,81.9,51.5,2026-06-15 19:40:00,2974169
83.4,32.9,80.8,51.2,2026-06-15 20:00:00,2974169
82.5,34.0,80.1,51.4,2026-06-15 20:20:00,2974169
81.6,35.0,79.2,51.4,2026-06-15 20:40:00,2974169
80.7,36.1,78.3,51.4,2026-06-15 21:00:00,2974169
79.5,37.5,77.2,51.3,2026-06-15 21:20:00,2974169
78.2,39.2,75.9,51.4,2026-06-15 21:40:00,2974169
76.9,42.0,74.8,52.1,2026-06-15 22:00:00,2974169
74.9,46.2,73.4,52.9,2026-06-15 22:20:00,2974169
74.4,46.2,72.9,52.4,2026-06-15 22:40:00,2974169
73.5,47.5,72.1,52.3,2026-06-15 23:00:00,2974169
73.4,48.6,72.1,52.9,2026-06-15 23:20:00,2974169
71.9,51.5,71.1,53.0,2026-06-15 23:40:00,2974169
71.2,52.9,70.5,53.2,2026-06-16 00:00:00,2974169
70.7,53.7,70.0,53.1,2026-06-16 00:20:00,2974169
70.1,55.6,69.4,53.5,2026-06-16 00:40:00,2974169
69.1,57.9,68.4,53.7,2026-06-16 01:00:00,2974169
68.8,58.7,67.8,53.7,2026-06-16 01:20:00,2974169
68.6,58.3,67.6,53.4,2026-06-16 01:40:00,2974169
68.4,58.3,67.3,53.2,2026-06-16 02:00:00,2974169
68.2,57.5,66.9,52.6,2026-06-16 02:20:00,2974169
67.8,58.8,66.6,52.9,2026-06-16 02:40:00,2974169
68.4,57.3,67.1,52.7,2026-06-16 03:00:00,2974169
68.5,55.3,67.1,51.8,2026-06-16 03:20:00,2974169
68.6,56.0,67.3,52.3,2026-06-16 03:40:00,2974169
68.3,55.4,66.7,51.7,2026-06-16 04:00:00,2974169
68.8,54.4,67.5,51.7,2026-06-16 04:20:00,2974169
68.4,55.3,67.1,51.7,2026-06-16 04:40:00,2974169
68.0,56.8,66.4,52.1,2026-06-16 05:00:00,2974169
67.6,57.5,66.0,52.1,2026-06-16 05:20:00,2974169
68.2,56.7,66.9,52.3,2026-06-16 05:40:00,2974169
68.3,57.2,66.9,52.5,2026-06-16 06:00:00,2974169
68.3,58.0,66.9,52.9,2026-06-16 06:20:00,2974169
68.5,58.1,67.3,53.2,2026-06-16 06:40:00,2974169
68.7,58.5,67.6,53.6,2026-06-16 07:00:00,2974169
69.1,58.4,68.0,53.9,2026-06-16 07:20:00,2974169
69.7,58.7,69.1,54.6,2026-06-16 07:40:00,2974169
70.2,58.2,69.8,54.8,2026-06-16 08:00:00,2974169
70.7,58.1,70.7,55.3,2026-06-16 08:20:00,2974169
70.8,56.9,70.5,54.7,2026-06-16 08:40:00,2974169
72.0,56.4,71.6,55.7,2026-06-16 09:00:00,2974169
73.1,55.4,72.7,56.1,2026-06-16 09:20:00,2974169
73.8,54.1,73.0,56.2,2026-06-16 09:40:00,2974169
75.6,51.8,74.7,56.6,2026-06-16 10:00:00,2974169
76.6,49.1,75.2,56.1,2026-06-16 10:20:00,2974169
78.5,47.8,77.5,57.1,2026-06-16 10:40:00,2974169
79.5,44.3,78.3,55.9,2026-06-16 11:00:00,2974169
79.8,45.8,78.6,57.0,2026-06-16 11:20:00,2974169
79.2,45.5,78.1,56.3,2026-06-16 11:40:00,2974169
79.0,44.9,77.7,55.8,2026-06-16 12:00:00,2974169
81.0,43.0,79.9,56.5,2026-06-16 12:20:00,2974169
80.4,43.3,79.2,56.1,2026-06-16 12:40:00,2974169
81.0,43.0,79.9,56.5,2026-06-16 13:00:00,2974169
82.8,43.0,82.2,58.1,2026-06-16 13:20:00,2974169
83.9,40.4,83.1,57.2,2026-06-16 13:40:00,2974169
83.7,39.0,82.8,56.1,2026-06-16 14:00:00,2974169
84.7,37.4,83.5,55.8,2026-06-16 14:20:00,2974169
84.8,38.9,84.2,57.1,2026-06-16 14:40:00,2974169
85.9,37.6,85.5,57.1,2026-06-16 15:00:00,2974169
85.7,36.1,84.7,55.9,2026-06-16 15:20:00,2974169
87.9,36.1,87.6,57.7,2026-06-16 15:40:00,2974169
87.4,37.4,87.3,58.2,2026-06-16 16:00:00,2974169
86.5,38.2,86.4,58.0,2026-06-16 16:20:00,2974169
85.4,40.2,85.3,58.4,2026-06-16 16:40:00,2974169
85.0,42.2,85.3,59.5,2026-06-16 17:00:00,2974169
84.8,42.9,85.1,59.8,2026-06-16 17:20:00,2974169
84.7,42.6,84.7,59.5,2026-06-16 17:40:00,2974169
83.9,43.8,83.8,59.5,2026-06-16 18:00:00,2974169
83.3,43.2,83.1,58.6,2026-06-16 18:20:00,2974169
83.8,43.3,83.7,59.1,2026-06-16 18:40:00,2974169
82.3,46.3,82.0,59.6,2026-06-16 19:00:00,2974169
82.0,47.2,81.7,59.9,2026-06-16 19:20:00,2974169
81.6,47.4,81.3,59.6,2026-06-16 19:40:00,2974169
81.5,47.3,81.0,59.5,2026-06-16 20:00:00,2974169
80.9,48.0,80.4,59.4,2026-06-16 20:20:00,2974169
80.4,49.2,80.1,59.6,2026-06-16 20:40:00,2974169
79.6,50.5,79.3,59.6,2026-06-16 21:00:00,2974169
79.1,51.7,78.8,59.8,2026-06-16 21:20:00,2974169
78.6,52.1,78.4,59.6,2026-06-16 21:40:00,2974169
78.2,52.9,77.7,59.6,2026-06-16 22:00:00,2974169
77.8,53.4,77.4,59.6,2026-06-16 22:20:00,2974169
77.1,54.4,76.5,59.3,2026-06-16 22:40:00,2974169
76.4,55.8,75.7,59.4,2026-06-16 23:00:00,2974169
75.9,57.1,75.4,59.6,2026-06-16 23:20:00,2974169
75.6,57.9,75.2,59.7,2026-06-16 23:40:00,2974169
75.4,58.5,75.2,59.9,2026-06-17 00:00:00,2974169
75.1,59.5,74.8,60.0,2026-06-17 00:20:00,2974169
74.5,60.7,74.5,60.1,2026-06-17 00:40:00,2974169
73.9,62.6,73.9,60.4,2026-06-17 01:00:00,2974169
73.5,64.4,73.8,60.7,2026-06-17 01:20:00,2974169
72.9,66.0,73.4,60.9,2026-06-17 01:40:00,2974169
72.3,67.9,72.7,61.1,2026-06-17 02:00:00,2974169
71.9,69.4,72.5,61.3,2026-06-17 02:20:00,2974169
71.7,70.7,72.3,61.7,2026-06-17 02:40:00,2974169
71.4,71.8,72.0,61.8,2026-06-17 03:00:00,2974169
71.0,73.3,71.8,62.1,2026-06-17 03:20:00,2974169
70.6,74.9,71.2,62.3,2026-06-17 03:40:00,2974169
70.5,76.4,71.4,62.8,2026-06-17 04:00:00,2974169
70.3,77.8,71.1,63.0,2026-06-17 04:20:00,2974169
70.2,78.4,71.1,63.1,2026-06-17 04:40:00,2974169
69.7,79.9,70.5,63.2,2026-06-17 05:00:00,2974169
69.7,80.6,70.5,63.4,2026-06-17 05:20:00,2974169
69.4,81.5,70.2,63.5,2026-06-17 05:40:00,2974169
69.0,82.6,69.8,63.5,2026-06-17 06:00:00,2974169
69.0,83.1,69.8,63.6,2026-06-17 06:20:00,2974169
69.4,83.0,70.3,64.0,2026-06-17 06:40:00,2974169
70.1,82.4,71.1,64.4,2026-06-17 07:00:00,2974169
70.7,81.3,72.0,64.7,2026-06-17 07:20:00,2974169
71.9,79.8,73.2,65.3,2026-06-17 07:40:00,2974169
73.1,77.9,74.5,65.8,2026-06-17 08:00:00,2974169
73.9,75.9,75.2,65.9,2026-06-17 08:20:00,2974169
74.7,74.1,75.9,65.9,2026-06-17 08:40:00,2974169
75.7,71.1,76.6,65.7,2026-06-17 09:00:00,2974169
76.7,69.1,77.7,65.8,2026-06-17 09:20:00,2974169
77.8,64.6,79.0,64.9,2026-06-17 09:40:00,2974169
79.4,60.7,80.8,64.6,2026-06-17 10:00:00,2974169
80.1,55.2,81.0,62.6,2026-06-17 10:20:00,2974169
81.2,52.5,81.9,62.2,2026-06-17 10:40:00,2974169
83.0,47.6,83.5,61.1,2026-06-17 11:00:00,2974169
83.6,41.3,82.9,57.6,2026-06-17 11:20:00,2974169
86.5,36.8,85.8,56.9,2026-06-17 11:40:00,2974169
87.1,34.4,86.2,55.7,2026-06-17 12:00:00,2974169
87.3,37.9,87.4,58.5,2026-06-17 12:20:00,2974169
89.4,34.3,89.4,57.6,2026-06-17 12:40:00,2974169
91.6,34.0,92.8,59.2,2026-06-17 13:00:00,2974169
91.0,33.6,91.6,58.4,2026-06-17 13:20:00,2974169
92.5,29.6,92.1,56.1,2026-06-17 13:40:00,2974169
91.4,29.9,90.5,55.5,2026-06-17 14:00:00,2974169
91.9,28.6,91.2,54.8,2026-06-17 14:20:00,2974169
92.7,29.8,92.7,56.5,2026-06-17 14:40:00,2974169
92.9,28.9,92.5,55.9,2026-06-17 15:00:00,2974169
93.6,27.0,92.8,54.6,2026-06-17 15:20:00,2974169
93.8,30.3,94.5,57.9,2026-06-17 15:40:00,2974169
92.4,32.0,93.2,58.3,2026-06-17 16:00:00,2974169
94.6,28.1,94.8,56.5,2026-06-17 16:20:00,2974169
93.9,29.1,94.1,56.9,2026-06-17 16:40:00,2974169
94.1,29.6,94.8,57.6,2026-06-17 17:00:00,2974169
97.0,26.8,97.9,57.2,2026-06-17 17:20:00,2974169
96.4,27.1,97.2,57.1,2026-06-17 17:40:00,2974169
97.4,27.4,98.8,58.1,2026-06-17 18:00:00,2974169
95.8,27.8,96.6,57.2,2026-06-17 18:20:00,2974169
95.5,27.2,95.7,56.3,2026-06-17 18:40:00,2974169
92.8,30.1,92.8,56.8,2026-06-17 19:00:00,2974169
91.4,31.4,91.4,56.9,2026-06-17 19:20:00,2974169
90.4,33.7,90.9,58.0,2026-06-17 19:40:00,2974169
89.0,39.1,90.3,60.9,2026-06-17 20:00:00,2974169
88.2,41.3,89.8,61.7,2026-06-17 20:20:00,2974169
87.3,43.1,89.1,62.1,2026-06-17 20:40:00,2974169
86.7,44.5,88.2,62.5,2026-06-17 21:00:00,2974169
86.0,46.9,88.3,63.4,2026-06-17 21:20:00,2974169
85.2,50.5,87.8,64.8,2026-06-17 21:40:00,2974169
84.6,53.1,87.6,65.6,2026-06-17 22:00:00,2974169
84.0,55.2,86.9,66.2,2026-06-17 22:20:00,2974169
83.5,58.1,86.9,67.2,2026-06-17 22:40:00,2974169
83.1,59.8,86.4,67.6,2026-06-17 23:00:00,2974169
82.7,61.4,86.0,68.1,2026-06-17 23:20:00,2974169
82.1,62.9,85.5,68.2,2026-06-17 23:40:00,2974169
81.6,63.6,84.7,68.1,2026-06-18 00:00:00,2974169
81.2,63.6,84.2,67.7,2026-06-18 00:20:00,2974169
81.1,62.5,83.7,67.1,2026-06-18 00:40:00,2974169
81.0,62.1,83.5,66.8,2026-06-18 01:00:00,2974169
80.6,62.3,82.8,66.5,2026-06-18 01:20:00,2974169
80.3,62.4,82.4,66.3,2026-06-18 01:40:00,2974169
79.8,63.1,81.9,66.1,2026-06-18 02:00:00,2974169
79.3,64.4,81.1,66.2,2026-06-18 02:20:00,2974169
78.6,65.8,80.4,66.2,2026-06-18 02:40:00,2974169
78.4,66.7,80.1,66.4,2026-06-18 03:00:00,2974169
78.1,67.9,80.1,66.6,2026-06-18 03:20:00,2974169
78.1,69.6,80.2,67.4,2026-06-18 03:40:00,2974169
78.3,72.2,81.0,68.6,2026-06-18 04:00:00,2974169
78.2,74.2,81.0,69.2,2026-06-18 04:20:00,2974169
78.0,76.5,81.1,70.0,2026-06-18 04:40:00,2974169
77.6,77.8,80.6,70.1,2026-06-18 05:00:00,2974169
77.3,78.9,80.1,70.2,2026-06-18 05:20:00,2974169
77.1,79.8,79.9,70.3,2026-06-18 05:40:00,2974169
77.0,80.6,79.7,70.5,2026-06-18 06:00:00,2974169
76.8,81.2,79.3,70.6,2026-06-18 06:20:00,2974169
77.2,81.2,80.1,71.0,2026-06-18 06:40:00,2974169
77.7,80.5,81.3,71.2,2026-06-18 07:00:00,2974169
78.2,79.2,82.0,71.2,2026-06-18 07:20:00,2974169
78.2,79.0,81.9,71.2,2026-06-18 07:40:00,2974169
79.0,77.8,83.5,71.5,2026-06-18 08:00:00,2974169
80.0,76.0,84.7,71.7,2026-06-18 08:20:00,2974169
82.0,72.4,87.6,72.2,2026-06-18 08:40:00,2974169
81.9,71.0,87.3,71.6,2026-06-18 09:00:00,2974169
82.7,69.3,88.2,71.6,2026-06-18 09:20:00,2974169
83.8,67.6,90.3,71.9,2026-06-18 09:40:00,2974169
84.4,67.1,91.8,72.3,2026-06-18 10:00:00,2974169
85.0,64.5,91.9,71.7,2026-06-18 10:20:00,2974169
85.3,62.9,92.3,71.2,2026-06-18 10:40:00,2974169
87.6,61.1,96.3,72.6,2026-06-18 11:00:00,2974169
88.5,57.2,96.8,71.5,2026-06-18 11:20:00,2974169
91.0,54.3,101.1,72.2,2026-06-18 11:40:00,2974169
91.9,52.2,102.0,71.9,2026-06-18 12:00:00,2974169
93.3,49.7,103.6,71.7,2026-06-18 12:20:00,2974169
94.4,48.0,105.1,71.7,2026-06-18 12:40:00,2974169
94.5,46.0,104.2,70.5,2026-06-18 13:00:00,2974169
95.3,45.0,105.1,70.5,2026-06-18 13:20:00,2974169
94.9,43.7,103.6,69.3,2026-06-18 13:40:00,2974169
95.5,43.5,104.5,69.8,2026-06-18 14:00:00,2974169
97.5,43.1,109.0,71.3,2026-06-18 14:20:00,2974169
96.5,42.2,106.2,69.7,2026-06-18 14:40:00,2974169
96.9,41.2,106.3,69.4,2026-06-18 15:00:00,2974169
97.2,41.0,106.9,69.5,2026-06-18 15:20:00,2974169
86.3,51.0,90.0,66.0,2026-06-18 15:40:00,2974169
80.9,63.2,83.5,67.3,2026-06-18 16:00:00,2974169
82.3,63.7,86.0,68.8,2026-06-18 16:20:00,2974169
84.6,62.9,90.7,70.6,2026-06-18 16:40:00,2974169
87.5,58.0,94.8,70.9,2026-06-18 17:00:00,2974169
89.4,54.4,97.3,70.7,2026-06-18 17:20:00,2974169
92.4,52.4,103.3,72.4,2026-06-18 17:40:00,2974169
94.9,47.1,105.8,71.6,2026-06-18 18:00:00,2974169
93.8,48.4,104.0,71.3,2026-06-18 18:20:00,2974169
93.2,48.5,102.9,70.9,2026-06-18 18:40:00,2974169
90.1,50.7,97.3,69.3,2026-06-18 19:00:00,2974169
89.1,53.9,96.6,70.2,2026-06-18 19:20:00,2974169
88.1,56.1,95.2,70.5,2026-06-18 19:40:00,2974169
87.2,60.5,95.0,71.8,2026-06-18 20:00:00,2974169
86.1,62.5,93.6,71.8,2026-06-18 20:20:00,2974169
85.0,65.8,92.5,72.2,2026-06-18 20:40:00,2974169
83.7,70.3,91.2,73.0,2026-06-18 21:00:00,2974169
82.0,76.7,88.7,74.0,2026-06-18 21:20:00,2974169
76.5,86.6,79.7,72.2,2026-06-18 21:40:00,2974169
75.4,90.8,78.6,72.6,2026-06-18 22:00:00,2974169
75.1,92.6,78.4,72.8,2026-06-18 22:20:00,2974169
74.7,92.7,77.9,72.4,2026-06-18 22:40:00,2974169
74.4,92.6,77.5,72.1,2026-06-18 23:00:00,2974169
74.4,93.3,77.5,72.3,2026-06-18 23:20:00,2974169
74.0,93.4,77.0,71.9,2026-06-18 23:40:00,2974169
74.1,94.4,77.2,72.4,2026-06-19 00:00:00,2974169
74.2,94.6,77.4,72.5,2026-06-19 00:20:00,2974169
74.1,94.7,77.2,72.5,2026-06-19 00:40:00,2974169
74.0,94.7,77.2,72.4,2026-06-19 01:00:00,2974169
73.9,94.7,76.8,72.3,2026-06-19 01:20:00,2974169
74.0,94.3,77.2,72.2,2026-06-19 01:40:00,2974169
74.0,93.1,77.0,71.8,2026-06-19 02:00:00,2974169
73.7,92.8,76.5,71.5,2026-06-19 02:20:00,2974169
73.5,93.1,76.3,71.3,2026-06-19 02:40:00,2974169
73.5,93.0,76.3,71.3,2026-06-19 03:00:00,2974169
73.7,93.6,76.5,71.7,2026-06-19 03:20:00,2974169
73.5,93.8,76.5,71.6,2026-06-19 03:40:00,2974169
73.7,94.3,76.6,71.9,2026-06-19 04:00:00,2974169
73.3,94.4,76.1,71.6,2026-06-19 04:20:00,2974169
72.8,94.3,75.4,71.1,2026-06-19 04:40:00,2974169
72.2,94.8,74.7,70.6,2026-06-19 05:00:00,2974169
72.1,95.4,74.5,70.7,2026-06-19 05:20:00,2974169
71.7,95.6,73.9,70.3,2026-06-19 05:40:00,2974169
71.2,95.8,73.0,70.0,2026-06-19 06:00:00,2974169
71.0,96.1,72.9,69.9,2026-06-19 06:20:00,2974169
70.9,96.5,72.9,69.9,2026-06-19 06:40:00,2974169
71.0,96.8,72.9,70.0,2026-06-19 07:00:00,2974169
71.0,96.9,72.9,70.0,2026-06-19 07:20:00,2974169
71.3,97.1,73.4,70.4,2026-06-19 07:40:00,2974169
71.4,96.9,73.4,70.4,2026-06-19 08:00:00,2974169
71.7,97.1,73.9,70.8,2026-06-19 08:20:00,2974169
72.2,97.2,74.7,71.3,2026-06-19 08:40:00,2974169
72.1,96.9,74.7,71.2,2026-06-19 09:00:00,2974169
72.2,96.6,74.7,71.2,2026-06-19 09:20:00,2974169
72.9,96.7,75.7,71.9,2026-06-19 09:40:00,2974169
73.9,96.1,77.0,72.7,2026-06-19 10:00:00,2974169
74.9,94.3,78.4,73.1,2026-06-19 10:20:00,2974169
76.1,92.3,79.5,73.6,2026-06-19 10:40:00,2974169
76.7,89.3,80.4,73.3,2026-06-19 11:00:00,2974169
77.2,85.7,81.0,72.6,2026-06-19 11:20:00,2974169
77.6,84.3,81.5,72.5,2026-06-19 11:40:00,2974169
79.2,79.2,84.0,72.1,2026-06-19 12:00:00,2974169
81.2,76.5,87.3,73.1,2026-06-19 12:20:00,2974169
81.7,74.2,87.6,72.7,2026-06-19 12:40:00,2974169
82.6,75.2,89.4,73.9,2026-06-19 13:00:00,2974169
84.0,69.2,91.2,72.8,2026-06-19 13:20:00,2974169
83.8,67.3,90.1,71.9,2026-06-19 13:40:00,2974169
86.0,60.8,92.8,70.9,2026-06-19 14:00:00,2974169
85.7,56.8,90.9,68.6,2026-06-19 14:20:00,2974169
86.7,55.2,92.1,68.7,2026-06-19 14:40:00,2974169
88.0,54.2,94.5,69.4,2026-06-19 15:00:00,2974169
86.5,56.6,92.1,69.3,2026-06-19 15:20:00,2974169
88.2,52.0,93.9,68.4,2026-06-19 15:40:00,2974169
88.0,52.9,93.9,68.7,2026-06-19 16:00:00,2974169
89.1,43.1,92.1,63.8,2026-06-19 16:20:00,2974169
89.5,42.8,92.7,63.9,2026-06-19 16:40:00,2974169
89.6,40.8,91.9,62.6,2026-06-19 17:00:00,2974169
87.8,41.5,89.2,61.5,2026-06-19 17:20:00,2974169
89.5,38.5,91.0,60.9,2026-06-19 17:40:00,2974169
89.9,36.2,90.9,59.6,2026-06-19 18:00:00,2974169
90.6,37.0,92.5,60.8,2026-06-19 18:20:00,2974169
89.2,37.6,90.3,60.0,2026-06-19 18:40:00,2974169
87.7,39.7,88.5,60.2,2026-06-19 19:00:00,2974169
86.5,42.4,87.4,60.9,2026-06-19 19:20:00,2974169
85.2,43.6,85.8,60.5,2026-06-19 19:40:00,2974169
84.6,44.2,85.1,60.4,2026-06-19 20:00:00,2974169
83.8,42.5,83.5,58.6,2026-06-19 20:20:00,2974169
82.6,43.2,81.7,57.9,2026-06-19 20:40:00,2974169
81.2,43.6,80.1,57.0,2026-06-19 21:00:00,2974169
80.2,43.7,78.8,56.2,2026-06-19 21:20:00,2974169
79.2,45.0,78.1,56.0,2026-06-19 21:40:00,2974169
78.2,46.8,77.0,56.2,2026-06-19 22:00:00,2974169
76.9,48.6,75.6,56.0,2026-06-19 22:20:00,2974169
75.4,52.5,74.5,56.8,2026-06-19 22:40:00,2974169
74.4,52.8,73.6,56.1,2026-06-19 23:00:00,2974169
74.3,52.5,73.4,55.8,2026-06-19 23:20:00,2974169
73.4,52.3,72.5,54.9,2026-06-19 23:40:00,2974169
72.8,53.7,72.1,55.0,2026-06-20 00:00:00,2974169
72.1,53.8,71.4,54.4,2026-06-20 00:20:00,2974169
70.6,57.2,70.2,54.7,2026-06-20 00:40:00,2974169
70.5,56.8,70.0,54.4,2026-06-20 01:00:00,2974169
70.3,56.5,69.6,54.1,2026-06-20 01:20:00,2974169
69.6,57.3,68.9,53.9,2026-06-20 01:40:00,2974169
69.0,58.6,68.0,53.9,2026-06-20 02:00:00,2974169
67.9,60.9,66.7,54.0,2026-06-20 02:20:00,2974169
67.1,64.0,66.0,54.5,2026-06-20 02:40:00,2974169
65.1,70.5,63.9,55.3,2026-06-20 03:00:00,2974169
64.9,73.1,63.9,56.1,2026-06-20 03:20:00,2974169
64.6,73.8,63.5,56.0,2026-06-20 03:40:00,2974169
63.2,77.8,62.6,56.2,2026-06-20 04:00:00,2974169
62.7,79.8,62.2,56.3,2026-06-20 04:20:00,2974169
62.5,80.1,62.1,56.3,2026-06-20 04:40:00,2974169
61.6,82.5,61.5,56.3,2026-06-20 05:00:00,2974169
61.1,84.9,61.0,56.5,2026-06-20 05:20:00,2974169
60.9,87.4,61.0,57.2,2026-06-20 05:40:00,2974169
60.6,87.8,60.6,57.0,2026-06-20 06:00:00,2974169
60.6,88.1,60.8,57.1,2026-06-20 06:20:00,2974169
61.3,87.5,61.3,57.5,2026-06-20 06:40:00,2974169
62.6,86.5,62.8,58.5,2026-06-20 07:00:00,2974169
64.1,85.1,64.0,59.5,2026-06-20 07:20:00,2974169
65.5,82.3,65.3,59.9,2026-06-20 07:40:00,2974169
68.5,74.4,68.4,60.0,2026-06-20 08:00:00,2974169
71.0,67.3,71.4,59.6,2026-06-20 08:20:00,2974169
72.6,63.1,72.9,59.3,2026-06-20 08:40:00,2974169
74.3,60.1,74.3,59.6,2026-06-20 09:00:00,2974169
75.7,57.7,75.2,59.8,2026-06-20 09:20:00,2974169
77.4,54.7,77.0,59.8,2026-06-20 09:40:00,2974169
78.8,45.8,77.5,56.2,2026-06-20 10:00:00,2974169
80.2,44.4,79.0,56.5,2026-06-20 10:20:00,2974169
82.6,41.5,81.3,56.8,2026-06-20 10:40:00,2974169
82.5,38.1,80.8,54.4,2026-06-20 11:00:00,2974169
83.0,37.5,81.3,54.4,2026-06-20 11:20:00,2974169
86.1,32.7,84.2,53.4,2026-06-20 11:40:00,2974169
88.9,30.4,87.4,53.8,2026-06-20 12:00:00,2974169
87.2,30.7,85.1,52.6,2026-06-20 12:20:00,2974169
87.2,30.7,85.1,52.7,2026-06-20 12:40:00,2974169
86.2,31.6,84.2,52.5,2026-06-20 13:00:00,2974169
87.5,29.9,85.3,52.1,2026-06-20 13:20:00,2974169
86.3,30.8,84.0,51.9,2026-06-20 13:40:00,2974169
86.6,31.0,84.6,52.4,2026-06-20 14:00:00,2974169
87.7,31.0,85.8,53.4,2026-06-20 14:20:00,2974169
89.4,31.2,88.2,55.0,2026-06-20 14:40:00,2974169
88.5,30.4,86.5,53.4,2026-06-20 15:00:00,2974169
89.8,27.7,88.0,52.1,2026-06-20 15:20:00,2974169
89.9,28.7,88.3,53.1,2026-06-20 15:40:00,2974169
90.6,27.9,89.1,53.0,2026-06-20 16:00:00,2974169
91.5,27.0,90.1,52.8,2026-06-20 16:20:00,2974169
91.6,26.9,90.1,52.8,2026-06-20 16:40:00,2974169
92.4,26.3,91.0,52.9,2026-06-20 17:00:00,2974169
92.7,25.3,91.2,52.0,2026-06-20 17:20:00,2974169
91.7,26.2,90.0,52.2,2026-06-20 17:40:00,2974169
91.7,26.9,90.1,52.9,2026-06-20 18:00:00,2974169
92.2,27.3,91.0,53.7,2026-06-20 18:20:00,2974169
92.5,27.9,91.8,54.6,2026-06-20 18:40:00,2974169
89.5,29.7,88.0,53.6,2026-06-20 19:00:00,2974169
87.7,32.2,86.2,54.4,2026-06-20 19:20:00,2974169
86.7,32.8,84.9,54.0,2026-06-20 19:40:00,2974169
86.0,33.8,84.4,54.2,2026-06-20 20:00:00,2974169
84.9,37.2,83.8,55.9,2026-06-20 20:20:00,2974169
83.4,39.3,82.2,56.0,2026-06-20 20:40:00,2974169
81.6,43.5,80.6,57.3,2026-06-20 21:00:00,2974169
80.9,44.9,79.9,57.5,2026-06-20 21:20:00,2974169
80.2,45.7,79.2,57.4,2026-06-20 21:40:00,2974169
79.5,47.7,78.6,57.9,2026-06-20 22:00:00,2974169
78.6,49.0,77.9,57.9,2026-06-20 22:20:00,2974169
78.2,49.4,77.2,57.7,2026-06-20 22:40:00,2974169
77.7,50.1,76.6,57.7,2026-06-20 23:00:00,2974169
77.1,50.3,75.9,57.2,2026-06-20 23:20:00,2974169
76.7,51.3,75.6,57.4,2026-06-20 23:40:00,2974169
76.2,51.9,75.2,57.3,2026-06-21 00:00:00,2974169
75.9,52.8,74.8,57.4,2026-06-21 00:20:00,2974169
75.5,53.8,74.7,57.6,2026-06-21 00:40:00,2974169
75.0,54.9,74.1,57.7,2026-06-21 01:00:00,2974169
74.6,59.3,74.3,59.4,2026-06-21 01:20:00,2974169
72.5,63.6,72.7,59.4,2026-06-21 01:40:00,2974169
71.7,67.6,72.1,60.4,2026-06-21 02:00:00,2974169
71.1,67.9,71.6,60.0,2026-06-21 02:20:00,2974169
70.8,69.7,71.4,60.4,2026-06-21 02:40:00,2974169
70.3,70.7,70.5,60.3,2026-06-21 03:00:00,2974169
69.6,73.4,69.8,60.7,2026-06-21 03:20:00,2974169
69.3,74.2,69.6,60.7,2026-06-21 03:40:00,2974169
68.6,76.0,68.9,60.7,2026-06-21 04:00:00,2974169
68.5,77.1,68.7,61.0,2026-06-21 04:20:00,2974169
67.4,79.1,67.5,60.7,2026-06-21 04:40:00,2974169
67.1,81.7,67.5,61.3,2026-06-21 05:00:00,2974169
66.6,81.9,66.7,60.9,2026-06-21 05:20:00,2974169
66.4,82.7,66.7,61.0,2026-06-21 05:40:00,2974169
66.2,83.5,66.4,61.1,2026-06-21 06:00:00,2974169
66.8,84.6,67.3,62.0,2026-06-21 06:20:00,2974169
67.1,84.2,67.6,62.2,2026-06-21 06:40:00,2974169
68.3,82.2,68.7,62.7,2026-06-21 07:00:00,2974169
70.1,80.8,71.1,64.0,2026-06-21 07:20:00,2974169
70.9,78.4,72.0,63.8,2026-06-21 07:40:00,2974169
72.8,75.7,73.9,64.7,2026-06-21 08:00:00,2974169
74.7,69.8,75.6,64.1,2026-06-21 08:20:00,2974169
76.0,66.3,76.5,64.0,2026-06-21 08:40:00,2974169
77.2,64.6,78.1,64.4,2026-06-21 09:00:00,2974169
78.8,61.6,80.1,64.5,2026-06-21 09:20:00,2974169
80.0,59.9,81.3,64.8,2026-06-21 09:40:00,2974169
81.6,57.1,83.3,64.9,2026-06-21 10:00:00,2974169
83.4,51.4,84.9,63.6,2026-06-21 10:20:00,2974169
84.9,47.2,86.2,62.5,2026-06-21 10:40:00,2974169
86.0,43.8,87.3,61.5,2026-06-21 11:00:00,2974169
88.4,38.7,89.2,60.0,2026-06-21 11:20:00,2974169
90.0,37.6,91.8,60.7,2026-06-21 11:40:00,2974169
90.1,37.6,91.8,60.7,2026-06-21 12:00:00,2974169
91.0,36.5,92.8,60.7,2026-06-21 12:20:00,2974169
91.0,37.2,93.2,61.3,2026-06-21 12:40:00,2974169
89.8,36.3,90.5,59.5,2026-06-21 13:00:00,2974169
91.0,37.6,93.4,61.5,2026-06-21 13:20:00,2974169
91.1,36.6,93.2,60.9,2026-06-21 13:40:00,2974169
92.7,33.0,94.1,59.4,2026-06-21 14:00:00,2974169
95.0,31.7,97.2,60.2,2026-06-21 14:20:00,2974169
93.9,31.2,95.0,58.8,2026-06-21 14:40:00,2974169
94.4,32.4,96.4,60.3,2026-06-21 15:00:00,2974169
94.6,31.4,96.1,59.6,2026-06-21 15:20:00,2974169
92.0,36.0,94.3,61.2,2026-06-21 15:40:00,2974169
96.6,33.8,100.9,63.4,2026-06-21 16:00:00,2974169
96.5,32.0,99.9,61.8,2026-06-21 16:20:00,2974169
93.7,33.0,95.5,60.2,2026-06-21 16:40:00,2974169
93.9,34.7,97.0,61.9,2026-06-21 17:00:00,2974169
95.7,32.5,98.8,61.6,2026-06-21 17:20:00,2974169
93.3,33.9,95.4,60.6,2026-06-21 17:40:00,2974169
92.5,35.5,94.8,61.2,2026-06-21 18:00:00,2974169
92.1,35.9,94.6,61.3,2026-06-21 18:20:00,2974169
91.2,37.2,93.6,61.5,2026-06-21 18:40:00,2974169
90.7,38.9,93.4,62.3,2026-06-21 19:00:00,2974169
91.0,38.8,93.7,62.5,2026-06-21 19:20:00,2974169
89.7,40.4,92.1,62.4,2026-06-21 19:40:00,2974169
89.0,41.9,91.4,62.9,2026-06-21 20:00:00,2974169
88.4,43.2,90.7,63.2,2026-06-21 20:20:00,2974169
88.0,44.5,90.7,63.7,2026-06-21 20:40:00,2974169
87.9,44.8,90.3,63.8,2026-06-21 21:00:00,2974169
87.3,44.6,89.4,63.1,2026-06-21 21:20:00,2974169
86.5,45.7,88.3,63.1,2026-06-21 21:40:00,2974169
85.5,47.1,87.4,63.0,2026-06-21 22:00:00,2974169
84.8,47.8,86.5,62.8,2026-06-21 22:20:00,2974169
83.9,49.1,85.3,62.8,2026-06-21 22:40:00,2974169
83.0,50.6,84.2,62.8,2026-06-21 23:00:00,2974169
81.9,52.4,82.8,62.8,2026-06-21 23:20:00,2974169
81.6,53.5,82.6,63.1,2026-06-21 23:40:00,2974169
80.9,54.9,81.7,63.2,2026-06-22 00:00:00,2974169
80.3,57.7,81.5,64.0,2026-06-22 00:20:00,2974169
80.1,61.8,82.0,65.8,2026-06-22 00:40:00,2974169
79.4,64.5,81.5,66.3,2026-06-22 01:00:00,2974169
78.5,66.4,80.4,66.4,2026-06-22 01:20:00,2974169
78.2,68.8,80.1,67.1,2026-06-22 01:40:00,2974169
77.5,70.8,79.2,67.2,2026-06-22 02:00:00,2974169
77.1,73.2,78.8,67.8,2026-06-22 02:20:00,2974169
76.5,75.1,78.3,68.0,2026-06-22 02:40:00,2974169
75.9,76.7,77.7,68.1,2026-06-22 03:00:00,2974169
75.1,78.3,76.8,67.9,2026-06-22 03:20:00,2974169
74.5,81.3,76.5,68.4,2026-06-22 03:40:00,2974169
74.7,82.6,76.8,69.1,2026-06-22 04:00:00,2974169
74.3,83.8,76.3,69.1,2026-06-22 04:20:00,2974169
73.6,85.7,75.7,69.0,2026-06-22 04:40:00,2974169
73.2,87.5,75.4,69.2,2026-06-22 05:00:00,2974169
73.0,88.6,75.0,69.4,2026-06-22 05:20:00,2974169
72.8,89.4,74.8,69.4,2026-06-22 05:40:00,2974169
72.5,90.4,74.8,69.5,2026-06-22 06:00:00,2974169
72.3,91.1,74.7,69.6,2026-06-22 06:20:00,2974169
72.8,91.5,75.2,70.1,2026-06-22 06:40:00,2974169
73.5,90.7,76.1,70.7,2026-06-22 07:00:00,2974169
74.4,89.8,77.0,71.2,2026-06-22 07:20:00,2974169
75.7,88.5,78.6,72.1,2026-06-22 07:40:00,2974169
76.7,86.6,80.1,72.4,2026-06-22 08:00:00,2974169
78.5,84.2,83.5,73.4,2026-06-22 08:20:00,2974169
80.2,81.2,86.4,73.9,2026-06-22 08:40:00,2974169
81.5,77.7,88.3,73.8,2026-06-22 09:00:00,2974169
83.4,73.8,91.4,74.2,2026-06-22 09:20:00,2974169
83.8,71.9,91.6,73.8,2026-06-22 09:40:00,2974169
84.6,71.0,93.6,74.1,2026-06-22 10:00:00,2974169
86.0,68.2,95.9,74.3,2026-06-22 10:20:00,2974169
86.1,66.5,95.2,73.6,2026-06-22 10:40:00,2974169
87.6,63.7,97.2,73.8,2026-06-22 11:00:00,2974169
88.3,60.5,97.3,72.9,2026-06-22 11:20:00,2974169
90.5,56.3,101.1,72.8,2026-06-22 11:40:00,2974169
90.0,52.8,98.2,70.5,2026-06-22 12:00:00,2974169
91.2,52.9,101.1,71.7,2026-06-22 12:20:00,2974169
92.3,51.0,102.2,71.5,2026-06-22 12:40:00,2974169
